NSvalues:=[
[0.153e-3, 0.6347e-2], [0.154e-3, 0.6394e-2], [0.155e-3, 0.6441e-2], [0.156e-3, 0.6489e-2], [0.157e-3, 0.6513e-2], [0.158e-3, 0.6562e-2], 
[0.159e-3, 0.6612e-2], [0.160e-3, 0.6637e-2], [0.161e-3, 0.6688e-2], [0.162e-3, 0.6740e-2], [0.163e-3, 0.6766e-2], [0.164e-3, 0.6819e-2], 
[0.165e-3, 0.6846e-2], [0.166e-3, 0.6900e-2], [0.167e-3, 0.6928e-2], [0.168e-3, 0.6983e-2], [0.169e-3, 0.7011e-2], [0.170e-3, 0.7068e-2], 
[0.171e-3, 0.7097e-2], [0.172e-3, 0.7155e-2], [0.173e-3, 0.7185e-2], [0.174e-3, 0.7214e-2], [0.175e-3, 0.7275e-2], [0.176e-3, 0.7305e-2],
 [0.177e-3, 0.7336e-2], [0.178e-3, 0.7398e-2], [0.179e-3, 0.7430e-2], [0.180e-3, 0.7462e-2], [0.181e-3, 0.7526e-2], [0.182e-3, 0.7559e-2],
 [0.183e-3, 0.7592e-2], [0.184e-3, 0.7625e-2], [0.185e-3, 0.7692e-2], [0.186e-3, 0.7726e-2], [0.187e-3, 0.7761e-2], [0.188e-3, 0.7796e-2],
 [0.189e-3, 0.7866e-2], [0.190e-3, 0.7902e-2], [0.191e-3, 0.7938e-2], [0.192e-3, 0.7974e-2], [0.193e-3, 0.8011e-2], [0.194e-3, 0.8048e-2],
 [0.195e-3, 0.8085e-2], [0.196e-3, 0.8123e-2], [0.197e-3, 0.8199e-2], [0.198e-3, 0.8238e-2], [0.199e-3, 0.8277e-2], [0.200e-3, 0.8316e-2], 
[0.201e-3, 0.8356e-2], [0.202e-3, 0.8397e-2], [0.203e-3, 0.8437e-2], [0.204e-3, 0.8478e-2], [0.205e-3, 0.8520e-2], [0.206e-3, 0.8562e-2], 
[0.207e-3, 0.8604e-2], [0.208e-3, 0.8647e-2], [0.209e-3, 0.8690e-2], [0.210e-3, 0.8733e-2], [0.211e-3, 0.8777e-2], [0.213e-3, 0.8822e-2], 
[0.214e-3, 0.8867e-2], [0.215e-3, 0.8912e-2], [0.216e-3, 0.8958e-2], [0.217e-3, 0.9004e-2], [0.218e-3, 0.9051e-2], [0.219e-3, 0.9098e-2], 
[0.220e-3, 0.9146e-2], [0.222e-3, 0.9194e-2], [0.223e-3, 0.9243e-2], [0.224e-3, 0.9292e-2], [0.225e-3, 0.9342e-2], [0.226e-3, 0.9393e-2], 
[0.228e-3, 0.9443e-2], [0.229e-3, 0.9495e-2], [0.230e-3, 0.9547e-2], [0.231e-3, 0.9600e-2], [0.233e-3, 0.9653e-2], [0.234e-3, 0.9706e-2],
 [0.235e-3, 0.9761e-2], [0.237e-3, 0.9816e-2], [0.238e-3, 0.9871e-2], [0.239e-3, 0.9928e-2], [0.241e-3, 0.9985e-2], [0.242e-3, 0.10042e-1],
 [0.244e-3, 0.10100e-1], [0.245e-3, 0.10159e-1], [0.246e-3, 0.10219e-1], [0.248e-3, 0.10279e-1], [0.249e-3, 0.10340e-1], [0.251e-3, 0.10402e-1], 
[0.252e-3, 0.10464e-1], [0.254e-3, 0.10528e-1], [0.256e-3, 0.10592e-1], [0.257e-3, 0.10656e-1], [0.259e-3, 0.10722e-1], [0.260e-3, 0.10788e-1],
 [0.262e-3, 0.10856e-1], [0.264e-3, 0.10924e-1], [0.265e-3, 0.10993e-1], [0.267e-3, 0.11062e-1], [0.269e-3, 0.11133e-1], [0.270e-3, 0.11205e-1],
 [0.272e-3, 0.11277e-1], [0.274e-3, 0.11351e-1], [0.276e-3, 0.11425e-1], [0.278e-3, 0.11501e-1], [0.280e-3, 0.11577e-1], [0.281e-3, 0.11654e-1], 
[0.283e-3, 0.11733e-1], [0.285e-3, 0.11812e-1], [0.287e-3, 0.11893e-1], [0.289e-3, 0.11975e-1], [0.291e-3, 0.12058e-1], [0.293e-3, 0.12142e-1], 
[0.295e-3, 0.12227e-1], [0.298e-3, 0.12313e-1], [0.300e-3, 0.12401e-1], [0.302e-3, 0.12490e-1], [0.304e-3, 0.12580e-1], [0.306e-3, 0.12672e-1],
 [0.309e-3, 0.12764e-1], [0.311e-3, 0.12859e-1], [0.313e-3, 0.12954e-1], [0.316e-3, 0.13051e-1], [0.318e-3, 0.13150e-1], [0.320e-3, 0.13250e-1],
 [0.323e-3, 0.13351e-1], [0.325e-3, 0.13454e-1], [0.328e-3, 0.13559e-1], [0.331e-3, 0.13665e-1], [0.333e-3, 0.13774e-1], [0.336e-3, 0.13883e-1], 
[0.339e-3, 0.13995e-1], [0.341e-3, 0.14108e-1], [0.344e-3, 0.14223e-1], [0.347e-3, 0.14340e-1], [0.350e-3, 0.14459e-1], [0.353e-3, 0.14580e-1],
 [0.356e-3, 0.14703e-1], [0.359e-3, 0.14829e-1], [0.362e-3, 0.14956e-1], [0.365e-3, 0.15085e-1], [0.369e-3, 0.15217e-1], [0.372e-3, 0.15351e-1],
 [0.375e-3, 0.15488e-1], [0.379e-3, 0.15627e-1], [0.382e-3, 0.15768e-1], [0.386e-3, 0.15912e-1], [0.389e-3, 0.16059e-1], [0.393e-3, 0.16208e-1], 
[0.397e-3, 0.16360e-1], [0.401e-3, 0.16515e-1], [0.404e-3, 0.16673e-1], [0.408e-3, 0.16835e-1], [0.412e-3, 0.16999e-1], [0.417e-3, 0.17166e-1], 
[0.421e-3, 0.17337e-1], [0.425e-3, 0.17511e-1], [0.429e-3, 0.17689e-1], [0.434e-3, 0.17871e-1], [0.438e-3, 0.18056e-1], [0.443e-3, 0.18245e-1], 
[0.448e-3, 0.18438e-1], [0.453e-3, 0.18635e-1], [0.458e-3, 0.18837e-1], [0.463e-3, 0.19042e-1], [0.468e-3, 0.19253e-1], [0.473e-3, 0.19468e-1], 
[0.479e-3, 0.19688e-1], [0.484e-3, 0.19913e-1], [0.490e-3, 0.20143e-1], [0.496e-3, 0.20379e-1], [0.502e-3, 0.20620e-1], [0.508e-3, 0.20867e-1],
 [0.514e-3, 0.21120e-1], [0.521e-3, 0.21379e-1], [0.527e-3, 0.21645e-1], [0.534e-3, 0.21917e-1], [0.541e-3, 0.22196e-1], [0.548e-3, 0.22483e-1],
 [0.555e-3, 0.22777e-1], [0.563e-3, 0.23078e-1], [0.571e-3, 0.23388e-1], [0.579e-3, 0.23706e-1], [0.587e-3, 0.24033e-1], [0.595e-3, 0.24370e-1], 
[0.604e-3, 0.24715e-1], [0.613e-3, 0.25071e-1], [0.622e-3, 0.25437e-1], [0.631e-3, 0.25814e-1], [0.641e-3, 0.26202e-1], [0.651e-3, 0.26602e-1],
 [0.661e-3, 0.27015e-1], [0.672e-3, 0.27440e-1], [0.683e-3, 0.27879e-1], [0.694e-3, 0.28332e-1], [0.706e-3, 0.28801e-1], [0.718e-3, 0.29285e-1],
 [0.731e-3, 0.29785e-1], [0.744e-3, 0.30304e-1], [0.758e-3, 0.30840e-1], [0.772e-3, 0.31396e-1], [0.786e-3, 0.31972e-1], [0.801e-3, 0.32569e-1], 
[0.817e-3, 0.33190e-1], [0.833e-3, 0.33834e-1], [0.851e-3, 0.34504e-1], [0.868e-3, 0.35201e-1], [0.887e-3, 0.35927e-1], [0.906e-3, 0.36684e-1],
 [0.926e-3, 0.37473e-1], [0.947e-3, 0.38296e-1], [0.969e-3, 0.39157e-1], [0.993e-3, 0.40057e-1], [0.1017e-2, 0.41000e-1],
 [0.1042e-2, 0.41988e-1], [0.1069e-2, 0.43025e-1], [0.1127e-2, 0.45260e-1],
[0.1158e-2, 0.46466e-1], [0.1162e-2, 0.46591e-1], [0.1165e-2, 0.46716e-1], [0.1168e-2, 0.46841e-1], [0.1172e-2, 0.46967e-1], 
[0.1175e-2, 0.47094e-1], [0.1178e-2, 0.47222e-1], [0.1182e-2, 0.47350e-1], [0.1185e-2, 0.47479e-1], [0.1188e-2, 0.47609e-1], 
[0.1192e-2, 0.47739e-1], [0.1195e-2, 0.47871e-1], [0.1199e-2, 0.48003e-1], [0.1202e-2, 0.48135e-1], [0.1206e-2, 0.48268e-1], 
[0.1209e-2, 0.48403e-1], [0.1213e-2, 0.48537e-1], [0.1216e-2, 0.48673e-1], [0.1220e-2, 0.48809e-1], [0.1223e-2, 0.48946e-1], 
[0.1227e-2, 0.49084e-1], [0.1231e-2, 0.49223e-1], [0.1234e-2, 0.49362e-1], [0.1238e-2, 0.49503e-1], [0.1242e-2, 0.49644e-1], 
[0.1245e-2, 0.49786e-1], [0.1249e-2, 0.49928e-1], [0.1253e-2, 0.50072e-1], [0.1257e-2, 0.50216e-1], [0.1260e-2, 0.50361e-1], 
[0.1264e-2, 0.50507e-1], [0.1268e-2, 0.50654e-1], [0.1272e-2, 0.50802e-1], [0.1276e-2, 0.50950e-1], [0.1280e-2, 0.51100e-1], 
[0.1284e-2, 0.51250e-1], [0.1288e-2, 0.51401e-1], [0.1292e-2, 0.51553e-1], [0.1296e-2, 0.51706e-1], [0.1300e-2, 0.51860e-1], 
[0.1304e-2, 0.52015e-1], [0.1308e-2, 0.52171e-1], [0.1312e-2, 0.52327e-1], [0.1316e-2, 0.52485e-1], [0.1320e-2, 0.52643e-1], 
[0.1325e-2, 0.52803e-1], [0.1329e-2, 0.52963e-1], [0.1333e-2, 0.53125e-1], [0.1338e-2, 0.53287e-1], [0.1342e-2, 0.53451e-1], 
[0.1346e-2, 0.53615e-1], [0.1351e-2, 0.53781e-1], [0.1355e-2, 0.53947e-1], [0.1359e-2, 0.54115e-1], [0.1364e-2, 0.54283e-1],
[0.1368e-2, 0.54453e-1], [0.1373e-2, 0.54624e-1], [0.1377e-2, 0.54796e-1], [0.1382e-2, 0.54968e-1], [0.1387e-2, 0.55142e-1], 
[0.1391e-2, 0.55317e-1], [0.1396e-2, 0.55494e-1], [0.1401e-2, 0.55671e-1], [0.1405e-2, 0.55849e-1], [0.1410e-2, 0.56029e-1], 
[0.1415e-2, 0.56210e-1], [0.1420e-2, 0.56392e-1], [0.1425e-2, 0.56575e-1], [0.1430e-2, 0.56759e-1], [0.1435e-2, 0.56944e-1], 
[0.1440e-2, 0.57131e-1], [0.1445e-2, 0.57319e-1], [0.1450e-2, 0.57508e-1], [0.1455e-2, 0.57699e-1], [0.1460e-2, 0.57890e-1], 
[0.1465e-2, 0.58083e-1], [0.1470e-2, 0.58278e-1], [0.1475e-2, 0.58473e-1], [0.1481e-2, 0.58670e-1], [0.1486e-2, 0.58868e-1], 
[0.1491e-2, 0.59068e-1], [0.1497e-2, 0.59269e-1], [0.1502e-2, 0.59471e-1], [0.1508e-2, 0.59675e-1], [0.1513e-2, 0.59880e-1], 
[0.1519e-2, 0.60086e-1], [0.1524e-2, 0.60294e-1], [0.1530e-2, 0.60503e-1], [0.1535e-2, 0.60714e-1], [0.1541e-2, 0.60927e-1], 
[0.1547e-2, 0.61140e-1], [0.1553e-2, 0.61356e-1], [0.1559e-2, 0.61572e-1], [0.1564e-2, 0.61791e-1], [0.1570e-2, 0.62011e-1], 
[0.1576e-2, 0.62232e-1], [0.1582e-2, 0.62455e-1], [0.1588e-2, 0.62680e-1], [0.1595e-2, 0.62906e-1], [0.1601e-2, 0.63134e-1], 
[0.1607e-2, 0.63364e-1], [0.1613e-2, 0.63595e-1], [0.1619e-2, 0.63828e-1], [0.1626e-2, 0.64062e-1], [0.1632e-2, 0.64299e-1],
 [0.1639e-2, 0.64537e-1], [0.1645e-2, 0.64777e-1], [0.1652e-2, 0.65019e-1], [0.1658e-2, 0.65262e-1], [0.1665e-2, 0.65508e-1], 
[0.1672e-2, 0.65755e-1], [0.1678e-2, 0.66004e-1], [0.1685e-2, 0.66255e-1], [0.1692e-2, 0.66508e-1], [0.1699e-2, 0.66762e-1],
 [0.1706e-2, 0.67019e-1], [0.1713e-2, 0.67278e-1], [0.1720e-2, 0.67539e-1], [0.1727e-2, 0.67802e-1], [0.1735e-2, 0.68066e-1],
 [0.1742e-2, 0.68333e-1], [0.1749e-2, 0.68602e-1], [0.1757e-2, 0.68874e-1], [0.1764e-2, 0.69147e-1], [0.1772e-2, 0.69422e-1],
 [0.1779e-2, 0.69700e-1], [0.1787e-2, 0.69980e-1], [0.1795e-2, 0.70262e-1], [0.1803e-2, 0.70547e-1], [0.1811e-2, 0.70833e-1], 
[0.1819e-2, 0.71122e-1], [0.1827e-2, 0.71414e-1], [0.1835e-2, 0.71708e-1], [0.1843e-2, 0.72004e-1], [0.1851e-2, 0.72303e-1], 
[0.1859e-2, 0.72604e-1], [0.1868e-2, 0.72908e-1], [0.1876e-2, 0.73214e-1], [0.1885e-2, 0.73523e-1], [0.1893e-2, 0.73835e-1],
 [0.1902e-2, 0.74149e-1], [0.1911e-2, 0.74466e-1], [0.1920e-2, 0.74785e-1], [0.1929e-2, 0.75108e-1], [0.1938e-2, 0.75433e-1], 
[0.1947e-2, 0.75761e-1], [0.1956e-2, 0.76092e-1], [0.1966e-2, 0.76425e-1], [0.1975e-2, 0.76762e-1], [0.1984e-2, 0.77102e-1],
 [0.1994e-2, 0.77444e-1], [0.2004e-2, 0.77790e-1], [0.2013e-2, 0.78139e-1], [0.2023e-2, 0.78491e-1], [0.2033e-2, 0.78846e-1], 
[0.2043e-2, 0.79204e-1], [0.2054e-2, 0.79566e-1], [0.2064e-2, 0.79931e-1], [0.2074e-2, 0.80299e-1], [0.2085e-2, 0.80671e-1], 
[0.2095e-2, 0.81046e-1], [0.2106e-2, 0.81425e-1], [0.2117e-2, 0.81807e-1], [0.2128e-2, 0.82193e-1], [0.2139e-2, 0.82583e-1], 
[0.2150e-2, 0.82976e-1], [0.2161e-2, 0.83373e-1], [0.2173e-2, 0.83774e-1], [0.2184e-2, 0.84178e-1], [0.2196e-2, 0.84587e-1], 
[0.2207e-2, 0.85000e-1], [0.2219e-2, 0.85416e-1], [0.2231e-2, 0.85837e-1], [0.2244e-2, 0.86262e-1], [0.2256e-2, 0.86691e-1], 
[0.2268e-2, 0.87124e-1], [0.2281e-2, 0.87562e-1], [0.2294e-2, 0.88004e-1], [0.2306e-2, 0.88451e-1], [0.2319e-2, 0.88902e-1], 
[0.2333e-2, 0.89358e-1], [0.2346e-2, 0.89819e-1], [0.2359e-2, 0.90284e-1], [0.2373e-2, 0.90754e-1], [0.2387e-2, 0.91230e-1], 
[0.2401e-2, 0.91710e-1], [0.2415e-2, 0.92195e-1], [0.2429e-2, 0.92685e-1], [0.2444e-2, 0.93181e-1], [0.2458e-2, 0.93682e-1], 
[0.2473e-2, 0.94188e-1], [0.2488e-2, 0.94700e-1], [0.2503e-2, 0.95218e-1], [0.2519e-2, 0.95741e-1], [0.2534e-2, 0.96270e-1], 
[0.2550e-2, 0.96804e-1], [0.2566e-2, 0.97345e-1], [0.2582e-2, 0.97892e-1], [0.2599e-2, 0.98445e-1], [0.2615e-2, 0.99005e-1], 
[0.2632e-2, 0.99570e-1], [0.2649e-2, .100142], [0.2667e-2, .100721], [0.2684e-2, .101307], [0.2702e-2, .101899], [0.2720e-2, .102499], 
[0.2738e-2, .103105], [0.2757e-2, .103719], [0.2775e-2, .104340], [0.2794e-2, .104968], [0.2814e-2, .105605], [0.2833e-2, .106248],
 [0.2853e-2, .106900], [0.2873e-2, .107560], [0.2894e-2, .108228], [0.2915e-2, .108905], [0.2936e-2, .109590], [0.2957e-2, .110283],
 [0.2979e-2, .110986], [0.3001e-2, .111697], [0.3023e-2, .112418], [0.3046e-2, .113148], [0.3069e-2, .113887], [0.3093e-2, .114637], 
[0.3117e-2, .115396], [0.3141e-2, .116165], [0.3166e-2, .116945], [0.3191e-2, .117735], [0.3216e-2, .118536], [0.3242e-2, .119348], 
[0.3269e-2, .120171], [0.3296e-2, .121006], [0.3323e-2, .121852], [0.3351e-2, .122710], [0.3379e-2, .123581], [0.3408e-2, .124464], 
[0.3437e-2, .125359], [0.3467e-2, .126268], [0.3498e-2, .127190], [0.3529e-2, .128125], [0.3561e-2, .129075], [0.3593e-2, .130038], 
[0.3626e-2, .131016], [0.3660e-2, .132009], [0.3694e-2, .133018], [0.3729e-2, .134041], [0.3765e-2, .135081], [0.3802e-2, .136137],
 [0.3839e-2, .137209], [0.3878e-2, .138299], [0.3917e-2, .139406], [0.3957e-2, .140531], [0.3998e-2, .141675], [0.4040e-2, .142837], 
[0.4083e-2, .144018], [0.4127e-2, .145220], [0.4173e-2, .146441], [0.4219e-2, .147683], [0.4267e-2, .148947], [0.4316e-2, .150233],
 [0.4367e-2, .151541], [0.4419e-2, .152872], [0.4473e-2, .154227], [0.4528e-2, .155606], [0.4586e-2, .157010], [0.4645e-2, .158441], 
[0.4706e-2, .159897], [0.4770e-2, .161381], [0.4836e-2, .162893], [0.4905e-2, .164433], [0.4977e-2, .166004], [0.5052e-2, .167605],
 [0.5131e-2, .169237], [0.5214e-2, .170902], [0.5302e-2, .172600], [0.5396e-2, .174333], [0.5495e-2, .176102], [0.5603e-2, .177908],
 [0.5720e-2, .179752], [0.5850e-2, .181635], [0.5994e-2, .183559], [0.6128e-2, .185159], [0.6244e-2, .186408], [0.6343e-2, .187381], 
[0.6426e-2, .188136], [0.6495e-2, .188721], [0.6552e-2, .189173], [0.6636e-2, .189792], [0.89336e-1, .571162]];
 
