PDvalues:=[[0.4370e-2, 0.14404e-1], [0.4578e-2, 0.15267e-1], [0.4806e-2, 0.16238e-1], [0.5056e-2, 0.17342e-1], [0.5179e-2, 0.17914e-1], [0.5340e-2, 0.18713e-1], [0.5512e-2, 0.19584e-1], [0.5708e-2, 0.20523e-1], 
[0.5909e-2, 0.21566e-1], [0.6126e-2, 0.22716e-1], [0.6412e-2, 0.23925e-1], [0.6669e-2, 0.25343e-1], [0.6935e-2, 0.26852e-1], [0.7195e-2, 0.28586e-1], [0.7513e-2, 0.30497e-1], [0.7862e-2, 0.32672e-1], [0.8122e-2, 0.34604e-1],
 [0.8363e-2, 0.36206e-1], [0.8559e-2, 0.37539e-1], [0.8716e-2, 0.38632e-1], [0.8759e-2, 0.38609e-1], [0.8775e-2, 0.38722e-1], [0.8759e-2, 0.38609e-1], [0.8775e-2, 0.38722e-1], [0.8798e-2, 0.38826e-1], 
[0.8814e-2, 0.38940e-1], [0.8831e-2, 0.39055e-1], [0.8823e-2, 0.39203e-1], [0.8839e-2, 0.39319e-1], [0.8856e-2, 0.39436e-1], [0.8827e-2, 0.39616e-1], [0.8844e-2, 0.39734e-1], [0.8860e-2, 0.39852e-1], 
[0.8975e-2, 0.39838e-1], [0.8992e-2, 0.39958e-1], [0.9009e-2, 0.40079e-1], [0.9056e-2, 0.40161e-1], [0.9073e-2, 0.40283e-1], [0.9090e-2, 0.40406e-1], [0.9099e-2, 0.40541e-1], [0.9116e-2, 0.40665e-1], 
[0.9134e-2, 0.40791e-1], [0.9149e-2, 0.40920e-1], [0.9166e-2, 0.41047e-1], [0.9183e-2, 0.41175e-1], [0.9213e-2, 0.41286e-1], [0.9231e-2, 0.41415e-1], [0.9248e-2, 0.41545e-1], [0.9260e-2, 0.41684e-1], 
[0.9278e-2, 0.41815e-1], [0.9295e-2, 0.41948e-1], [0.9329e-2, 0.42060e-1], [0.9347e-2, 0.42194e-1], [0.9365e-2, 0.42329e-1], [0.9382e-2, 0.42465e-1], [0.9400e-2, 0.42602e-1], [0.9418e-2, 0.42739e-1], 
[0.9452e-2, 0.42857e-1], [0.9470e-2, 0.42996e-1], [0.9488e-2, 0.43136e-1], [0.9513e-2, 0.43269e-1], [0.9531e-2, 0.43411e-1], [0.9549e-2, 0.43553e-1], [0.9554e-2, 0.43716e-1], [0.9572e-2, 0.43860e-1], 
[0.9591e-2, 0.44006e-1], [0.9571e-2, 0.44207e-1], [0.9589e-2, 0.44354e-1], [0.9608e-2, 0.44502e-1], [0.9672e-2, 0.44591e-1], [0.9691e-2, 0.44741e-1], [0.9710e-2, 0.44893e-1], [0.9785e-2, 0.44969e-1], 
[0.9804e-2, 0.45123e-1], [0.9823e-2, 0.45278e-1], [0.9827e-2, 0.45455e-1], [0.9847e-2, 0.45612e-1], [0.9866e-2, 0.45769e-1], [0.9832e-2, 0.46001e-1], [0.9852e-2, 0.46160e-1], [0.9871e-2, 0.46321e-1], 
[0.9988e-2, 0.46351e-1], [0.10007e-1, 0.46515e-1], [0.10027e-1, 0.46679e-1], [0.10040e-1, 0.46854e-1], [0.10060e-1, 0.47020e-1], [0.10079e-1, 0.47188e-1], [0.10096e-1, 0.47362e-1], [0.10116e-1, 0.47532e-1],
 [0.10136e-1, 0.47704e-1], [0.10165e-1, 0.47865e-1], [0.10185e-1, 0.48038e-1], [0.10205e-1, 0.48213e-1], [0.10178e-1, 0.48455e-1], [0.10199e-1, 0.48632e-1], [0.10219e-1, 0.48810e-1], [0.10245e-1, 0.48984e-1],
 [0.10265e-1, 0.49165e-1], [0.10286e-1, 0.49348e-1], [0.10290e-1, 0.49554e-1], [0.10311e-1, 0.49739e-1], [0.10332e-1, 0.49926e-1], [0.10355e-1, 0.50112e-1], [0.10375e-1, 0.50301e-1], [0.10396e-1, 0.50492e-1], 
[0.10421e-1, 0.50679e-1], [0.10442e-1, 0.50873e-1], [0.10463e-1, 0.51067e-1], [0.10489e-1, 0.51259e-1], [0.10510e-1, 0.51457e-1], [0.10532e-1, 0.51656e-1], [0.10555e-1, 0.51855e-1], [0.10577e-1, 0.52057e-1],
 [0.10599e-1, 0.52261e-1], [0.10624e-1, 0.52463e-1], [0.10645e-1, 0.52669e-1], [0.10668e-1, 0.52877e-1], [0.10691e-1, 0.53087e-1], [0.10713e-1, 0.53298e-1], [0.10735e-1, 0.53511e-1], [0.10753e-1, 0.53732e-1],
 [0.10776e-1, 0.53949e-1], [0.10798e-1, 0.54166e-1], [0.10785e-1, 0.54436e-1], [0.10809e-1, 0.54657e-1], [0.10832e-1, 0.54879e-1], [0.10798e-1, 0.55180e-1], [0.10821e-1, 0.55406e-1], [0.10845e-1, 0.55634e-1], 
[0.10839e-1, 0.55906e-1], [0.10862e-1, 0.56137e-1], [0.10886e-1, 0.56371e-1], [0.10862e-1, 0.56673e-1], [0.10886e-1, 0.56910e-1], [0.10910e-1, 0.57149e-1], [0.10935e-1, 0.57666e-1], [0.10959e-1, 0.57910e-1],
 [0.11003e-1, 0.58133e-1], [0.11027e-1, 0.58382e-1], [0.11052e-1, 0.58633e-1], [0.11087e-1, 0.58872e-1], [0.11112e-1, 0.59127e-1], [0.11137e-1, 0.59385e-1], [0.11160e-1, 0.59648e-1], [0.11185e-1, 0.59909e-1], 
[0.11210e-1, 0.60173e-1], [0.11217e-1, 0.60464e-1], [0.11243e-1, 0.60732e-1], [0.11268e-1, 0.61003e-1], [0.11308e-1, 0.61258e-1], [0.11334e-1, 0.61533e-1], [0.11360e-1, 0.61811e-1], [0.11391e-1, 0.62085e-1], 
[0.11417e-1, 0.62367e-1], [0.11443e-1, 0.62653e-1], [0.11450e-1, 0.62967e-1], [0.11477e-1, 0.63257e-1], [0.11503e-1, 0.63549e-1], [0.11539e-1, 0.63833e-1], [0.11566e-1, 0.64131e-1], [0.11592e-1, 0.64431e-1], 
[0.11605e-1, 0.64754e-1], [0.11632e-1, 0.65060e-1], [0.11659e-1, 0.65368e-1], [0.11686e-1, 0.65681e-1], [0.11713e-1, 0.65996e-1], [0.11740e-1, 0.66313e-1], [0.11770e-1, 0.66631e-1], [0.11798e-1, 0.66954e-1],
 [0.11825e-1, 0.67280e-1], [0.11853e-1, 0.67609e-1], [0.11881e-1, 0.67942e-1], [0.11909e-1, 0.68277e-1], [0.11936e-1, 0.68618e-1], [0.11965e-1, 0.68960e-1], [0.11993e-1, 0.69305e-1], [0.12019e-1, 0.69657e-1], 
[0.12047e-1, 0.70009e-1], [0.12076e-1, 0.70365e-1], [0.12107e-1, 0.70721e-1], [0.12135e-1, 0.71083e-1], [0.12164e-1, 0.71449e-1], [0.12192e-1, 0.71821e-1], [0.12221e-1, 0.72194e-1], [0.12250e-1, 0.72572e-1],
 [0.12269e-1, 0.72967e-1], [0.12298e-1, 0.73352e-1], [0.12327e-1, 0.73741e-1], [0.12358e-1, 0.74132e-1], [0.12388e-1, 0.74528e-1], [0.12417e-1, 0.74929e-1], [0.12447e-1, 0.75335e-1], [0.12476e-1, 0.75744e-1], 
[0.12506e-1, 0.76157e-1], [0.12541e-1, 0.76569e-1], [0.12571e-1, 0.76991e-1], [0.12601e-1, 0.77417e-1], [0.12617e-1, 0.77868e-1], [0.12647e-1, 0.78304e-1], [0.12676e-1, 0.78745e-1], [0.12717e-1, 0.79177e-1], 
[0.12747e-1, 0.79627e-1], [0.12778e-1, 0.80083e-1], [0.12803e-1, 0.80550e-1], [0.12833e-1, 0.81016e-1], [0.12863e-1, 0.81487e-1], [0.12899e-1, 0.81956e-1], [0.12929e-1, 0.82438e-1], [0.12959e-1, 0.82925e-1], 
[0.12996e-1, 0.83409e-1], [0.13026e-1, 0.83907e-1], [0.13056e-1, 0.84412e-1], [0.13081e-1, 0.84931e-1], [0.13110e-1, 0.85447e-1], [0.13140e-1, 0.85969e-1], [0.13185e-1, 0.86481e-1], [0.13214e-1, 0.87016e-1], 
[0.13243e-1, 0.87558e-1], [0.13256e-1, 0.88130e-1], [0.13285e-1, 0.88685e-1], [0.13314e-1, 0.89246e-1], [0.13344e-1, 0.89816e-1], [0.13372e-1, 0.90392e-1], [0.13400e-1, 0.90975e-1], [0.13463e-1, 0.91523e-1], 
[0.13491e-1, 0.92120e-1], [0.13519e-1, 0.92725e-1], [0.13550e-1, 0.93335e-1], [0.13577e-1, 0.93955e-1], [0.13604e-1, 0.94584e-1], [0.13603e-1, 0.95259e-1], [0.13629e-1, 0.95905e-1], [0.13654e-1, 0.96559e-1],
 [0.13743e-1, 0.97145e-1], [0.13768e-1, 0.97817e-1], [0.13792e-1, 0.98498e-1], [0.13833e-1, 0.99170e-1], [0.13856e-1, 0.99870e-1], [0.13878e-1, .100581], [0.13918e-1, .101280], [0.13939e-1, .102011],
 [0.13959e-1, .102753], [0.14008e-1, .103471], [0.14025e-1, .104234], [0.14042e-1, .105009], [0.14028e-1, .105835], [0.14043e-1, .106633], [0.14056e-1, .107443], [0.14079e-1, .108255], [0.14089e-1, .109090],
 [0.14097e-1, .109939], [0.14112e-1, .110795], [0.14117e-1, .111671], [0.14120e-1, .112562], [0.14109e-1, .113483], [0.14107e-1, .114403], [0.14103e-1, .115338], [0.14079e-1, .116311], [0.14070e-1, .117277],
 [0.14058e-1, .118260], [0.14017e-1, .119292], [0.13999e-1, .120308], [0.13977e-1, .121342], [0.13930e-1, .122421], [0.13901e-1, .123490], [0.13869e-1, .124578], [0.13832e-1, .125684], [0.13792e-1, .126810], 
[0.13748e-1, .127955], [0.13699e-1, .129123], [0.13646e-1, .130308], [0.13589e-1, .131514], [0.13516e-1, .132753], [0.13451e-1, .133998], [0.13383e-1, .135263], [0.13368e-1, .136493], [0.13298e-1, .137795],
 [0.13226e-1, .139115], [0.13127e-1, .140482], [0.13059e-1, .141834], [0.12994e-1, .143202], [0.12966e-1, .144557], [0.12909e-1, .145958], [0.12857e-1, .147375], [0.12807e-1, .148812], [0.12767e-1, .150262],
 [0.12734e-1, .151729], [0.12708e-1, .153217], [0.12688e-1, .154722], [0.12674e-1, .156247], [0.12671e-1, .157790], [0.12669e-1, .159359], [0.12674e-1, .160951], [0.12679e-1, .162573], [0.12696e-1, .164214],
 [0.12718e-1, .165882], [0.12746e-1, .167580], [0.12780e-1, .169304], [0.12819e-1, .171059], [0.12866e-1, .172845], [0.12916e-1, .174663], [0.12972e-1, .176515], [0.13033e-1, .178402], [0.13100e-1, .180325], 
[0.13172e-1, .182284], [0.13248e-1, .184285], [0.13332e-1, .186323], [0.13420e-1, .188403], [0.13516e-1, .190527], [0.13617e-1, .192695], [0.13723e-1, .194909], [0.13834e-1, .197175], [0.13953e-1, .199486], 
[0.14079e-1, .201848], [0.14215e-1, .204264], [0.14355e-1, .206734], [0.14503e-1, .209262], [0.14657e-1, .211852], [0.14820e-1, .214501], [0.14991e-1, .217214], [0.15171e-1, .219993], [0.15360e-1, .222840], 
[0.15559e-1, .225760], [0.15767e-1, .228754], [0.15987e-1, .231822], [0.16217e-1, .234974], [0.16459e-1, .238209], [0.16713e-1, .241530], [0.16980e-1, .244943], [0.17261e-1, .248450], [0.17555e-1, .252055],
 [0.17866e-1, .255764], [0.18193e-1, .259580], [0.18537e-1, .263507], [0.18900e-1, .267552], [0.19282e-1, .271719], [0.19685e-1, .276014], [0.20111e-1, .280444], [0.20560e-1, .285014], [0.21034e-1, .289731],
 [0.21535e-1, .294603], [0.22064e-1, .299638], [0.22624e-1, .304842], [0.23218e-1, .310227], [0.23847e-1, .315801], [0.24515e-1, .321572], [0.25223e-1, .327555], [0.25974e-1, .333759], [0.26774e-1, .340195],
 [0.27623e-1, .346881], [0.28527e-1, .353829], [0.29490e-1, .361052], [0.30517e-1, .368574], [0.31613e-1, .376410], [0.32780e-1, .384579], [0.34033e-1, .393104], [0.35375e-1, .402009], [0.36814e-1, .411310], 
[0.38358e-1, .421052], [0.40017e-1, .431259], [0.41790e-1, .441961], [0.43716e-1, .453199], [0.45796e-1, .465015], [0.48055e-1, .477438], [0.50494e-1, .490549], [0.53142e-1, .504390], [0.56007e-1, .519031],
 [0.59149e-1, .534533]]; 
