Hopfvalues:=[[0.150e-3, 0.5250e-2], [0.151e-3, 0.5281e-2], [0.152e-3, 0.5330e-2], [0.153e-3, 0.5363e-2], [0.154e-3, 0.5396e-2], [0.155e-3, 0.5430e-2], [0.156e-3, 0.5464e-2], [0.157e-3, 0.5498e-2], [0.158e-3, 0.5533e-2], 
[0.159e-3, 0.5568e-2], [0.160e-3, 0.5604e-2], [0.161e-3, 0.5641e-2], [0.162e-3, 0.5677e-2], [0.163e-3, 0.5715e-2], [0.164e-3, 0.5752e-2], [0.165e-3, 0.5791e-2], [0.166e-3, 0.5829e-2], [0.167e-3, 0.5869e-2], 
[0.168e-3, 0.5908e-2], [0.169e-3, 0.5929e-2], [0.170e-3, 0.5969e-2], [0.171e-3, 0.6010e-2], [0.172e-3, 0.6052e-2], [0.173e-3, 0.6073e-2], [0.174e-3, 0.6116e-2], [0.175e-3, 0.6159e-2], [0.176e-3, 0.6181e-2], 
[0.177e-3, 0.6225e-2], [0.178e-3, 0.6270e-2], [0.179e-3, 0.6293e-2], [0.180e-3, 0.6338e-2], [0.181e-3, 0.6362e-2], [0.182e-3, 0.6408e-2], [0.183e-3, 0.6456e-2], [0.184e-3, 0.6480e-2], [0.185e-3, 0.6528e-2], 
[0.186e-3, 0.6553e-2], [0.187e-3, 0.6578e-2], [0.188e-3, 0.6628e-2], [0.189e-3, 0.6653e-2], [0.190e-3, 0.6704e-2], [0.191e-3, 0.6730e-2], [0.192e-3, 0.6783e-2], [0.193e-3, 0.6809e-2], [0.194e-3, 0.6836e-2], 
[0.195e-3, 0.6890e-2], [0.196e-3, 0.6917e-2], [0.197e-3, 0.6945e-2], [0.198e-3, 0.7001e-2], [0.199e-3, 0.7029e-2], [0.200e-3, 0.7057e-2], [0.201e-3, 0.7086e-2], [0.202e-3, 0.7144e-2], [0.203e-3, 0.7174e-2], 
[0.204e-3, 0.7203e-2], [0.205e-3, 0.7233e-2], [0.206e-3, 0.7294e-2], [0.207e-3, 0.7325e-2], [0.208e-3, 0.7355e-2], [0.209e-3, 0.7387e-2], [0.210e-3, 0.7418e-2], [0.211e-3, 0.7482e-2], [0.212e-3, 0.7514e-2], 
[0.213e-3, 0.7547e-2], [0.214e-3, 0.7579e-2], [0.215e-3, 0.7613e-2], [0.216e-3, 0.7646e-2], [0.217e-3, 0.7680e-2], [0.218e-3, 0.7714e-2], [0.219e-3, 0.7748e-2], [0.220e-3, 0.7783e-2], [0.221e-3, 0.7818e-2], 
[0.222e-3, 0.7853e-2], [0.223e-3, 0.7924e-2], [0.224e-3, 0.7960e-2], [0.225e-3, 0.7997e-2], [0.226e-3, 0.8034e-2], [0.227e-3, 0.8071e-2], [0.228e-3, 0.8109e-2], [0.230e-3, 0.8147e-2], [0.231e-3, 0.8185e-2],
[0.232e-3, 0.8224e-2], [0.233e-3, 0.8263e-2], [0.234e-3, 0.8302e-2], [0.235e-3, 0.8342e-2], [0.236e-3, 0.8382e-2], [0.237e-3, 0.8422e-2], [0.238e-3, 0.8463e-2], [0.239e-3, 0.8505e-2], [0.240e-3, 0.8546e-2], 
[0.242e-3, 0.8588e-2], [0.243e-3, 0.8631e-2], [0.244e-3, 0.8674e-2], [0.245e-3, 0.8717e-2], [0.246e-3, 0.8761e-2], [0.247e-3, 0.8806e-2], [0.249e-3, 0.8850e-2], [0.250e-3, 0.8895e-2], [0.251e-3, 0.8941e-2], 
[0.252e-3, 0.8987e-2], [0.254e-3, 0.9034e-2], [0.255e-3, 0.9081e-2], [0.256e-3, 0.9129e-2], [0.257e-3, 0.9177e-2], [0.259e-3, 0.9225e-2], [0.260e-3, 0.9274e-2], [0.261e-3, 0.9324e-2], [0.263e-3, 0.9374e-2],
[0.264e-3, 0.9425e-2], [0.266e-3, 0.9476e-2], [0.267e-3, 0.9528e-2], [0.268e-3, 0.9580e-2], [0.270e-3, 0.9633e-2], [0.271e-3, 0.9687e-2], [0.273e-3, 0.9741e-2], [0.274e-3, 0.9796e-2], [0.276e-3, 0.9851e-2], 
[0.277e-3, 0.9907e-2], [0.279e-3, 0.9964e-2], [0.280e-3, 0.10021e-1], [0.282e-3, 0.10079e-1], [0.283e-3, 0.10138e-1], [0.285e-3, 0.10197e-1], [0.286e-3, 0.10257e-1], [0.288e-3, 0.10318e-1], [0.290e-3, 0.10380e-1], 
[0.291e-3, 0.10442e-1], [0.293e-3, 0.10505e-1], [0.295e-3, 0.10569e-1], [0.297e-3, 0.10633e-1], [0.298e-3, 0.10698e-1], [0.300e-3, 0.10764e-1], [0.302e-3, 0.10831e-1], [0.304e-3, 0.10899e-1], 
[0.305e-3, 0.10968e-1], [0.307e-3, 0.11037e-1], [0.309e-3, 0.11108e-1], [0.311e-3, 0.11179e-1], [0.313e-3, 0.11251e-1], [0.315e-3, 0.11324e-1], [0.317e-3, 0.11398e-1], [0.319e-3, 0.11473e-1], 
[0.321e-3, 0.11549e-1], [0.323e-3, 0.11627e-1], [0.325e-3, 0.11705e-1], [0.327e-3, 0.11784e-1], [0.329e-3, 0.11864e-1], [0.331e-3, 0.11945e-1], [0.333e-3, 0.12028e-1], [0.336e-3, 0.12112e-1],
 [0.338e-3, 0.12196e-1], [0.340e-3, 0.12282e-1], [0.342e-3, 0.12370e-1], [0.345e-3, 0.12458e-1], [0.347e-3, 0.12548e-1], [0.350e-3, 0.12639e-1], [0.352e-3, 0.12731e-1], [0.354e-3, 0.12825e-1],
 [0.357e-3, 0.12920e-1], [0.359e-3, 0.13017e-1], [0.362e-3, 0.13115e-1], [0.365e-3, 0.13214e-1], [0.367e-3, 0.13315e-1], [0.370e-3, 0.13418e-1], [0.373e-3, 0.13522e-1], [0.375e-3, 0.13627e-1], 
[0.378e-3, 0.13735e-1], [0.381e-3, 0.13844e-1], [0.384e-3, 0.13955e-1], [0.387e-3, 0.14068e-1], [0.390e-3, 0.14182e-1], [0.393e-3, 0.14299e-1], [0.396e-3, 0.14417e-1], [0.399e-3, 0.14537e-1], 
[0.402e-3, 0.14660e-1], [0.405e-3, 0.14784e-1], [0.408e-3, 0.14910e-1], [0.412e-3, 0.15039e-1], [0.415e-3, 0.15170e-1], [0.419e-3, 0.15303e-1], [0.422e-3, 0.15439e-1], [0.426e-3, 0.15577e-1], 
[0.429e-3, 0.15718e-1], [0.433e-3, 0.15861e-1], [0.436e-3, 0.16006e-1], [0.440e-3, 0.16155e-1], [0.444e-3, 0.16306e-1], [0.448e-3, 0.16460e-1], [0.452e-3, 0.16617e-1], [0.456e-3, 0.16777e-1], 
[0.460e-3, 0.16940e-1], [0.464e-3, 0.17107e-1], [0.469e-3, 0.17276e-1], [0.473e-3, 0.17449e-1], [0.477e-3, 0.17626e-1], [0.482e-3, 0.17806e-1], [0.486e-3, 0.17990e-1], [0.491e-3, 0.18177e-1],
 [0.496e-3, 0.18369e-1], [0.501e-3, 0.18565e-1], [0.506e-3, 0.18765e-1], [0.511e-3, 0.18969e-1], [0.516e-3, 0.19178e-1], [0.521e-3, 0.19391e-1], [0.527e-3, 0.19610e-1], [0.532e-3, 0.19833e-1],
 [0.538e-3, 0.20061e-1], [0.544e-3, 0.20295e-1], [0.549e-3, 0.20534e-1], [0.555e-3, 0.20779e-1], [0.561e-3, 0.21030e-1], [0.568e-3, 0.21287e-1], [0.574e-3, 0.21550e-1], [0.581e-3, 0.21820e-1], 
[0.587e-3, 0.22096e-1], [0.594e-3, 0.22380e-1], [0.601e-3, 0.22671e-1], [0.608e-3, 0.22970e-1], [0.616e-3, 0.23277e-1], [0.623e-3, 0.23592e-1], [0.631e-3, 0.23916e-1], [0.639e-3, 0.24249e-1],
 [0.647e-3, 0.24591e-1], [0.655e-3, 0.24943e-1], [0.663e-3, 0.25305e-1], [0.672e-3, 0.25678e-1], [0.681e-3, 0.26062e-1], [0.690e-3, 0.26458e-1], [0.700e-3, 0.26866e-1], [0.709e-3, 0.27286e-1],
 [0.719e-3, 0.27720e-1], [0.729e-3, 0.28168e-1], [0.740e-3, 0.28631e-1], [0.751e-3, 0.29109e-1], [0.762e-3, 0.29604e-1], [0.773e-3, 0.30115e-1], [0.785e-3, 0.30645e-1], [0.797e-3, 0.31193e-1],
 [0.810e-3, 0.31761e-1], [0.823e-3, 0.32351e-1], [0.836e-3, 0.32963e-1], [0.850e-3, 0.33598e-1], [0.864e-3, 0.34258e-1], [0.879e-3, 0.34945e-1], [0.894e-3, 0.35660e-1], [0.910e-3, 0.36404e-1], 
[0.926e-3, 0.37181e-1], [0.943e-3, 0.37991e-1], [0.961e-3, 0.38837e-1], [0.979e-3, 0.39722e-1], [0.998e-3, 0.40648e-1], [0.1014e-2, 0.41436e-1], [0.1026e-2, 0.42063e-1], [0.1036e-2, 0.42558e-1],
 [0.1044e-2, 0.42947e-1], [0.1050e-2, 0.43252e-1], [0.1055e-2, 0.43488e-1], [0.1058e-2, 0.43673e-1], [0.1061e-2, 0.43815e-1], [0.1063e-2, 0.43926e-1], [0.1162e-2, 0.49043e-1], [0.1063e-2, 0.43926e-1],
 [0.1162e-2, 0.49043e-1], [0.1165e-2, 0.49167e-1], [0.1168e-2, 0.49293e-1], [0.1170e-2, 0.49418e-1], [0.1173e-2, 0.49545e-1], [0.1176e-2, 0.49672e-1], [0.1179e-2, 0.49800e-1], [0.1182e-2, 0.49928e-1], 
[0.1185e-2, 0.50057e-1], [0.1189e-2, 0.50187e-1], [0.1192e-2, 0.50317e-1], [0.1195e-2, 0.50448e-1], [0.1198e-2, 0.50580e-1], [0.1201e-2, 0.50712e-1], [0.1204e-2, 0.50846e-1], [0.1207e-2, 0.50979e-1], 
[0.1210e-2, 0.51114e-1], [0.1213e-2, 0.51249e-1], [0.1217e-2, 0.51385e-1], [0.1220e-2, 0.51522e-1], [0.1223e-2, 0.51659e-1], [0.1226e-2, 0.51797e-1], [0.1230e-2, 0.51936e-1], [0.1233e-2, 0.52076e-1], 
[0.1236e-2, 0.52216e-1], [0.1239e-2, 0.52358e-1], [0.1243e-2, 0.52500e-1], [0.1246e-2, 0.52642e-1], [0.1250e-2, 0.52786e-1], [0.1253e-2, 0.52930e-1], [0.1256e-2, 0.53075e-1], [0.1260e-2, 0.53221e-1], 
[0.1263e-2, 0.53367e-1], [0.1267e-2, 0.53515e-1], [0.1270e-2, 0.53663e-1], [0.1274e-2, 0.53812e-1], [0.1277e-2, 0.53962e-1], [0.1281e-2, 0.54113e-1], [0.1284e-2, 0.54265e-1], [0.1288e-2, 0.54417e-1], 
[0.1291e-2, 0.54570e-1], [0.1295e-2, 0.54725e-1], [0.1299e-2, 0.54880e-1], [0.1302e-2, 0.55036e-1], [0.1306e-2, 0.55192e-1], [0.1310e-2, 0.55350e-1], [0.1313e-2, 0.55509e-1], [0.1317e-2, 0.55668e-1], 
[0.1321e-2, 0.55829e-1], [0.1325e-2, 0.55990e-1], [0.1329e-2, 0.56152e-1], [0.1332e-2, 0.56316e-1], [0.1336e-2, 0.56480e-1], [0.1340e-2, 0.56645e-1], [0.1344e-2, 0.56811e-1], [0.1348e-2, 0.56978e-1],
 [0.1352e-2, 0.57147e-1], [0.1356e-2, 0.57316e-1], [0.1360e-2, 0.57486e-1], [0.1364e-2, 0.57657e-1], [0.1368e-2, 0.57829e-1], [0.1372e-2, 0.58002e-1], [0.1376e-2, 0.58176e-1], [0.1380e-2, 0.58352e-1],
 [0.1384e-2, 0.58528e-1], [0.1388e-2, 0.58705e-1], [0.1393e-2, 0.58884e-1], [0.1397e-2, 0.59063e-1], [0.1401e-2, 0.59244e-1], [0.1405e-2, 0.59426e-1], [0.1410e-2, 0.59609e-1], [0.1414e-2, 0.59793e-1], 
[0.1418e-2, 0.59978e-1], [0.1423e-2, 0.60164e-1], [0.1427e-2, 0.60352e-1], [0.1431e-2, 0.60540e-1], [0.1436e-2, 0.60730e-1], [0.1440e-2, 0.60921e-1], [0.1445e-2, 0.61113e-1], [0.1449e-2, 0.61307e-1], 
[0.1454e-2, 0.61501e-1], [0.1458e-2, 0.61697e-1], [0.1463e-2, 0.61894e-1], [0.1468e-2, 0.62093e-1], [0.1472e-2, 0.62292e-1], [0.1477e-2, 0.62493e-1], [0.1482e-2, 0.62696e-1], [0.1487e-2, 0.62899e-1],
 [0.1491e-2, 0.63104e-1], [0.1496e-2, 0.63310e-1], [0.1501e-2, 0.63518e-1], [0.1506e-2, 0.63727e-1], [0.1511e-2, 0.63937e-1], [0.1516e-2, 0.64149e-1], [0.1521e-2, 0.64362e-1], [0.1526e-2, 0.64577e-1],
 [0.1531e-2, 0.64793e-1], [0.1536e-2, 0.65010e-1], [0.1541e-2, 0.65229e-1], [0.1546e-2, 0.65449e-1], [0.1551e-2, 0.65671e-1], [0.1557e-2, 0.65895e-1], [0.1562e-2, 0.66119e-1], [0.1567e-2, 0.66346e-1],
 [0.1573e-2, 0.66574e-1], [0.1578e-2, 0.66803e-1], [0.1583e-2, 0.67035e-1], [0.1589e-2, 0.67267e-1], [0.1594e-2, 0.67502e-1], [0.1600e-2, 0.67738e-1], [0.1605e-2, 0.67975e-1], [0.1611e-2, 0.68215e-1], 
[0.1617e-2, 0.68456e-1], [0.1622e-2, 0.68699e-1], [0.1628e-2, 0.68943e-1], [0.1634e-2, 0.69189e-1], [0.1640e-2, 0.69437e-1], [0.1645e-2, 0.69687e-1], [0.1651e-2, 0.69939e-1], [0.1657e-2, 0.70192e-1], 
[0.1663e-2, 0.70447e-1], [0.1669e-2, 0.70704e-1], [0.1675e-2, 0.70963e-1], [0.1681e-2, 0.71224e-1], [0.1687e-2, 0.71487e-1], [0.1694e-2, 0.71752e-1], [0.1700e-2, 0.72018e-1], [0.1706e-2, 0.72287e-1], 
[0.1712e-2, 0.72558e-1], [0.1719e-2, 0.72831e-1], [0.1725e-2, 0.73105e-1], [0.1732e-2, 0.73382e-1], [0.1738e-2, 0.73661e-1], [0.1745e-2, 0.73942e-1], [0.1751e-2, 0.74226e-1], [0.1758e-2, 0.74511e-1],
[0.1765e-2, 0.74799e-1], [0.1772e-2, 0.75089e-1], [0.1778e-2, 0.75381e-1], [0.1785e-2, 0.75675e-1], [0.1792e-2, 0.75972e-1], [0.1799e-2, 0.76271e-1], [0.1806e-2, 0.76572e-1], [0.1813e-2, 0.76876e-1], 
[0.1820e-2, 0.77182e-1], [0.1828e-2, 0.77491e-1], [0.1835e-2, 0.77802e-1], [0.1842e-2, 0.78116e-1], [0.1850e-2, 0.78432e-1], [0.1857e-2, 0.78751e-1], [0.1865e-2, 0.79072e-1], [0.1872e-2, 0.79396e-1], 
[0.1880e-2, 0.79723e-1], [0.1887e-2, 0.80052e-1], [0.1895e-2, 0.80384e-1], [0.1903e-2, 0.80719e-1], [0.1911e-2, 0.81057e-1], [0.1919e-2, 0.81397e-1], [0.1927e-2, 0.81741e-1], [0.1935e-2, 0.82087e-1],
 [0.1943e-2, 0.82436e-1], [0.1951e-2, 0.82788e-1], [0.1959e-2, 0.83143e-1], [0.1968e-2, 0.83502e-1], [0.1976e-2, 0.83863e-1], [0.1985e-2, 0.84228e-1], [0.1993e-2, 0.84595e-1], [0.2002e-2, 0.84966e-1],
 [0.2011e-2, 0.85340e-1], [0.2019e-2, 0.85718e-1], [0.2028e-2, 0.86099e-1], [0.2037e-2, 0.86483e-1], [0.2046e-2, 0.86870e-1], [0.2055e-2, 0.87262e-1], [0.2065e-2, 0.87656e-1], [0.2074e-2, 0.88054e-1], 
[0.2083e-2, 0.88456e-1], [0.2093e-2, 0.88862e-1], [0.2102e-2, 0.89271e-1], [0.2112e-2, 0.89684e-1], [0.2121e-2, 0.90101e-1], [0.2131e-2, 0.90522e-1], [0.2141e-2, 0.90947e-1], [0.2151e-2, 0.91376e-1],
 [0.2161e-2, 0.91808e-1], [0.2171e-2, 0.92245e-1], [0.2182e-2, 0.92686e-1], [0.2192e-2, 0.93132e-1], [0.2202e-2, 0.93581e-1], [0.2213e-2, 0.94035e-1], [0.2224e-2, 0.94494e-1], [0.2234e-2, 0.94957e-1], 
[0.2245e-2, 0.95424e-1], [0.2256e-2, 0.95896e-1], [0.2267e-2, 0.96373e-1], [0.2279e-2, 0.96855e-1], [0.2290e-2, 0.97341e-1], [0.2301e-2, 0.97832e-1], [0.2313e-2, 0.98328e-1], [0.2324e-2, 0.98830e-1],
 [0.2336e-2, 0.99336e-1], [0.2348e-2, 0.99848e-1], [0.2360e-2, .100365], [0.2372e-2, .100887], [0.2385e-2, .101415], [0.2397e-2, .101948], [0.2409e-2, .102487], [0.2422e-2, .103032],
 [0.2435e-2, .103582], [0.2448e-2, .104139], [0.2461e-2, .104701], [0.2474e-2, .105269], [0.2487e-2, .105844], [0.2501e-2, .106425], [0.2515e-2, .107012], [0.2528e-2, .107606], [0.2542e-2, .108207], 
[0.2556e-2, .108814], [0.2571e-2, .109428], [0.2585e-2, .110049], [0.2600e-2, .110677], [0.2614e-2, .111313], [0.2629e-2, .111955], [0.2644e-2, .112606], [0.2660e-2, .113263], [0.2675e-2, .113929],
 [0.2691e-2, .114602], [0.2706e-2, .115283], [0.2722e-2, .115973], [0.2739e-2, .116670], [0.2755e-2, .117377], [0.2771e-2, .118091], [0.2788e-2, .118815], [0.2805e-2, .119547], [0.2822e-2, .120289],
 [0.2840e-2, .121039], [0.2857e-2, .121799], [0.2875e-2, .122569], [0.2893e-2, .123348], [0.2912e-2, .124138], [0.2930e-2, .124937], [0.2949e-2, .125747], [0.2968e-2, .126568], [0.2987e-2, .127399], 
[0.3006e-2, .128241], [0.3026e-2, .129095], [0.3046e-2, .129960], [0.3067e-2, .130836], [0.3087e-2, .131724], [0.3108e-2, .132625], [0.3129e-2, .133538], [0.3150e-2, .134463], [0.3172e-2, .135402],
 [0.3194e-2, .136353], [0.3216e-2, .137318], [0.3239e-2, .138297], [0.3262e-2, .139290], [0.3285e-2, .140297], [0.3309e-2, .141319], [0.3333e-2, .142355], [0.3357e-2, .143407], [0.3382e-2, .144475],
 [0.3407e-2, .145558], [0.3432e-2, .146658], [0.3458e-2, .147775], [0.3484e-2, .148909], [0.3511e-2, .150060], [0.3538e-2, .151229], [0.3565e-2, .152417], [0.3593e-2, .153623], [0.3621e-2, .154849], 
[0.3650e-2, .156094], [0.3679e-2, .157359], [0.3709e-2, .158645], [0.3739e-2, .159952], [0.3770e-2, .161281], [0.3801e-2, .162632], [0.3833e-2, .164006], [0.3865e-2, .165403], [0.3898e-2, .166824],
 [0.3931e-2, .168270], [0.3965e-2, .169741], [0.3999e-2, .171237], [0.4034e-2, .172761], [0.4070e-2, .174311], [0.4107e-2, .175890], [0.4144e-2, .177497], [0.4181e-2, .179135], [0.4220e-2, .180802],
 [0.4259e-2, .182501], [0.4299e-2, .184232], [0.4332e-2, .185668], [0.4358e-2, .186788], [0.4378e-2, .187659], [0.4393e-2, .188334], [0.4405e-2, .188857], [0.4415e-2, .189261], [0.4427e-2, .189814], 
[0.4436e-2, .190186], [0.4449e-2, .190744], [0.4458e-2, .191157], [0.4471e-2, .191695], [0.4487e-2, .192400], [0.4508e-2, .193324], [0.4536e-2, .194539], [0.4573e-2, .196140], [0.4619e-2, .198140], 
[0.4666e-2, .200181], [0.4714e-2, .202265], [0.4763e-2, .204392], [0.4813e-2, .206564], [0.4864e-2, .208783], [0.4916e-2, .211050], [0.4969e-2, .213366], [0.5024e-2, .215734], [0.5079e-2, .218155], 
[0.5136e-2, .220630], [0.5194e-2, .223163], [0.5254e-2, .225754], [0.5315e-2, .228405], [0.5377e-2, .231119], [0.5441e-2, .233899], [0.5507e-2, .236746], [0.5574e-2, .239663], [0.5642e-2, .242652], 
[0.5713e-2, .245717], [0.5785e-2, .248860], [0.5859e-2, .252084], [0.5935e-2, .255392], [0.6013e-2, .258789], [0.6093e-2, .262276], [0.6176e-2, .265858], [0.6260e-2, .269540], [0.6347e-2, .273324], 
[0.6437e-2, .277216], [0.6529e-2, .281219], [0.6623e-2, .285340], [0.6721e-2, .289583], [0.6821e-2, .293953], [0.6925e-2, .298457], [0.7032e-2, .303101], [0.7142e-2, .307891], [0.7255e-2, .312834], 
[0.7373e-2, .317938], [0.7494e-2, .323210], [0.7619e-2, .328660], [0.7749e-2, .334296], [0.7883e-2, .340128], [0.8022e-2, .346166], [0.8166e-2, .352421], [0.8315e-2, .358906], [0.8470e-2, .365633], 
[0.8631e-2, .372616], [0.8798e-2, .379869], [0.8972e-2, .387410], [0.9153e-2, .395254], [0.9341e-2, .403422], [0.9537e-2, .411932], [0.9742e-2, .420808], [0.9956e-2, .430073], [0.10180e-1, .439753],
 [0.10414e-1, .449877], [0.10659e-1, .460476], [0.10916e-1, .471584], [0.11186e-1, .483239], [0.11470e-1, .495482], [0.11769e-1, .508358], [0.12083e-1, .521917], [0.12416e-1, .536216], 
[0.12767e-1, .551317], [0.13139e-1, .567289], [0.13534e-1, .584208], [0.13953e-1, .602163], [0.14399e-1, .621250], [0.14876e-1, .641580], [0.15385e-1, .663278], [0.15931e-1, .686487],
 [0.16517e-1, .711369], [0.17148e-1, .738111], [0.17830e-1, .766931], [0.18570e-1, .798078], [0.19374e-1, .831845], [0.20251e-1, .868576], [0.21213e-1, .908677], [0.22271e-1, .952632], 
[0.23441e-1, 1.001021], [0.24742e-1, 1.054545], [0.26197e-1, 1.114062], [0.27834e-1, 1.180627], [0.29691e-1, 1.255556], [0.31814e-1, 1.340506], [0.34264e-1, 1.437594], [0.37120e-1, 1.549556], 
[0.40491e-1, 1.679977], [0.44524e-1, 1.833622], [0.49424e-1, 2.016892], [0.55482e-1, 2.238445], [0.63112e-1, 2.509937], [0.72901e-1, 2.846576], [0.85651e-1, 3.266544], [.102341, 3.787231], 
[.123929, 4.416813], [.151055, 5.146038], [.183971, 5.951160], [.222819, 6.806016], [.267928, 7.690417], [.319959, 8.591087], [.379965, 9.499623], [.449470, 10.410411], [.530617, 11.319169], 
[.626447, 12.221898], [.741383, 13.113933], [.882131, 13.988660], [1.059404, 14.835115], [1.291374, 15.632484], [1.610275, 16.335966], [2.067581, 16.843520], [2.686821, 16.992038], [3.377502, 16.772836],
 [4.073765, 16.347048], [4.769885, 15.823012], [5.471460, 15.252401]]; 
