H1part2:=[
[0.875655,0.980669],[0.875655,0.980669],[0.867704,0.911983],[0.859448,0.848594],
[0.850972,0.790604],[0.842360,0.737920],[0.833683,0.690283],[0.825002,0.647328],[0.816358,0.608634],
[0.807782,0.573763],[0.799296,0.542291],[0.790910,0.513825],[0.782633,0.488009],[0.774466,0.464528],
[0.766411,0.443108],[0.758465,0.423506],[0.750627,0.405514],[0.742894,0.388951],[0.735263,0.373661],
[0.727731,0.359507],[0.720295,0.346371],[0.712952,0.334149],[0.705698,0.322752],[0.698533,0.312099],
[0.691452,0.302123],[0.684455,0.292760],[0.677538,0.283957],[0.670700,0.275665],[0.663939,0.267842],
[0.657254,0.260450],[0.650643,0.253453],[0.644104,0.246821],[0.637636,0.240527],[0.631237,0.234546],
[0.624908,0.228854],[0.618645,0.223431],[0.612449,0.218259],[0.606318,0.213321],[0.600252,0.208601],
[0.594249,0.204086],[0.588308,0.199761],[0.582429,0.195616],[0.576610,0.191640],[0.570852,0.187821],
[0.565152,0.184152],[0.559511,0.180624],[0.553928,0.177228],[0.548402,0.173957],[0.542932,0.170805],
[0.537517,0.167765],[0.532158,0.164831],[0.526853,0.161998],[0.521601,0.159261],[0.516403,0.156615],
[0.512201,0.154521],[0.508992,0.152947],[0.506538,0.151759],[0.504659,0.150857],[0.503217,0.150171],
[0.502112,0.149647],[0.501263,0.149246],[0.500110,0.148705],[0.500110,0.148705]
];