PDpart2:=[
[0.609294,0.265151],[0.608475,0.264121],[0.609294,0.265151],[0.608475,0.264121],
[0.608475,0.264121],[0.607658,0.263099],[0.607658,0.263099],[0.606841,0.262084],[0.606841,0.262084],
[0.606026,0.261077],[0.606026,0.261077],[0.605212,0.260078],[0.605212,0.260078],[0.604399,0.259086],
[0.604399,0.259086],[0.603587,0.258102],[0.603587,0.258102],[0.602777,0.257125],[0.602777,0.257125],
[0.601967,0.256155],[0.601967,0.256155],[0.601159,0.255193],[0.601159,0.255193],[0.600352,0.254238],
[0.600352,0.254238],[0.599547,0.253289],[0.599547,0.253289],[0.598742,0.252348],[0.598742,0.252348],
[0.597939,0.251413],[0.597939,0.251413],[0.597137,0.250486],[0.597137,0.250486],[0.596336,0.249565],
[0.596336,0.249565],[0.595536,0.248650],[0.595536,0.248650],[0.594738,0.247743],[0.594738,0.247743],
[0.593940,0.246841],[0.593940,0.246841],[0.593144,0.245947],[0.593144,0.245947],[0.592349,0.245058],
[0.592349,0.245058],[0.591555,0.244176],[0.591555,0.244176],[0.590763,0.243300],[0.590763,0.243300],
[0.589971,0.242430],[0.589971,0.242430],[0.589181,0.241567],[0.589181,0.241567],[0.588392,0.240709],
[0.588392,0.240709],[0.587604,0.239857],[0.587604,0.239857],[0.586817,0.239011],[0.586817,0.239011],
[0.586032,0.238171],[0.586032,0.238171],[0.585247,0.237337],[0.585247,0.237337],[0.584464,0.236509],
[0.584464,0.236509],[0.583682,0.235686],[0.583682,0.235686],[0.582901,0.234869],[0.582901,0.234869],
[0.582121,0.234057],[0.582121,0.234057],[0.581342,0.233251],[0.581342,0.233251],[0.580564,0.232450],
[0.580564,0.232450],[0.579788,0.231654],[0.579788,0.231654],[0.579013,0.230864],[0.579013,0.230864],
[0.578239,0.230079],[0.578239,0.230079],[0.577466,0.229300],[0.577466,0.229300],[0.576694,0.228525],
[0.576694,0.228525],[0.575923,0.227756],[0.575923,0.227756],[0.575153,0.226992],[0.575153,0.226992],
[0.574385,0.226232],[0.574385,0.226232],[0.573618,0.225478],[0.573618,0.225478],[0.572852,0.224728],
[0.572852,0.224728],[0.572086,0.223984],[0.572086,0.223984],[0.571322,0.223244],[0.571322,0.223244],
[0.570559,0.222509],[0.570559,0.222509],[0.569798,0.221778],[0.569798,0.221778],[0.569037,0.221053],
[0.569037,0.221053],[0.568277,0.220332],[0.568277,0.220332],[0.567520,0.219616],[0.567520,0.219616],
[0.566763,0.218904],[0.566763,0.218904],[0.566007,0.218197],[0.566007,0.218197],[0.565253,0.217495],
[0.565253,0.217495],[0.564500,0.216797],[0.564500,0.216797],[0.563747,0.216103],[0.563747,0.216103],
[0.562996,0.215413],[0.562996,0.215413],[0.562245,0.214728],[0.562245,0.214728],[0.561496,0.214047],
[0.561496,0.214047],[0.560747,0.213370],[0.560747,0.213370],[0.560000,0.212697],[0.560000,0.212697],
[0.559254,0.212028],[0.559254,0.212028],[0.558509,0.211363],[0.558509,0.211363],[0.557764,0.210702],
[0.557764,0.210702],[0.557021,0.210045],[0.557021,0.210045],[0.556279,0.209392],[0.556279,0.209392],
[0.555538,0.208743],[0.555538,0.208743],[0.554798,0.208098],[0.554798,0.208098],[0.554059,0.207457],
[0.554059,0.207457],[0.553322,0.206820],[0.553322,0.206820],[0.552585,0.206186],[0.552585,0.206186],
[0.551850,0.205557],[0.551850,0.205557],[0.551115,0.204931],[0.551115,0.204931],[0.550382,0.204309],
[0.550382,0.204309],[0.549650,0.203690],[0.549650,0.203690],[0.548918,0.203075],[0.548918,0.203075],
[0.548188,0.202464],[0.548188,0.202464],[0.547459,0.201855],[0.547459,0.201855],[0.546730,0.201251],
[0.546730,0.201251],[0.546003,0.200650],[0.546003,0.200650],[0.545276,0.200052],[0.545276,0.200052],
[0.544551,0.199458],[0.544551,0.199458],[0.543826,0.198867],[0.543826,0.198867],[0.543103,0.198279],
[0.543103,0.198279],[0.542380,0.197695],[0.542380,0.197695],[0.541659,0.197114],[0.541659,0.197114],
[0.540938,0.196536],[0.540938,0.196536],[0.540219,0.195962],[0.540219,0.195962],[0.539500,0.195391],
[0.539500,0.195391],[0.538783,0.194823],[0.538783,0.194823],[0.538066,0.194258],[0.538066,0.194258],
[0.537351,0.193696],[0.537351,0.193696],[0.536636,0.193137],[0.536636,0.193137],[0.535923,0.192582],
[0.535923,0.192582],[0.535210,0.192029],[0.535210,0.192029],[0.534499,0.191480],[0.534499,0.191480],
[0.533788,0.190933],[0.533788,0.190933],[0.533079,0.190390],[0.533079,0.190390],[0.532370,0.189849],
[0.532370,0.189849],[0.531662,0.189312],[0.531662,0.189312],[0.530956,0.188777],[0.530956,0.188777],
[0.530250,0.188245],[0.530250,0.188245],[0.529545,0.187716],[0.529545,0.187716],[0.528842,0.187190],
[0.528842,0.187190],[0.528139,0.186667],[0.528139,0.186667],[0.527437,0.186146],[0.527437,0.186146],
[0.526736,0.185629],[0.526736,0.185629],[0.526036,0.185114],[0.526036,0.185114],[0.525337,0.184601],
[0.525337,0.184601],[0.524639,0.184092],[0.524639,0.184092],[0.523942,0.183585],[0.523942,0.183585],
[0.523246,0.183081],[0.523246,0.183081],[0.522551,0.182579],[0.522551,0.182579],[0.521857,0.182080],
[0.521857,0.182080],[0.521164,0.181583],[0.521164,0.181583],[0.520471,0.181090],[0.520471,0.181090],
[0.519780,0.180598],[0.519780,0.180598],[0.519089,0.180109],[0.519089,0.180109],[0.518400,0.179623],
[0.518400,0.179623],[0.517711,0.179139],[0.517711,0.179139],[0.517024,0.178658],[0.517024,0.178658],
[0.516337,0.178179],[0.516337,0.178179],[0.515651,0.177703],[0.515651,0.177703],[0.514966,0.177229],
[0.514966,0.177229],[0.514282,0.176757],[0.514282,0.176757],[0.513598,0.176287],[0.513598,0.176287],
[0.512916,0.175820],[0.512916,0.175820],[0.512235,0.175356],[0.512235,0.175356],[0.511554,0.174894],
[0.511554,0.174894],[0.510875,0.174434],[0.510875,0.174434],[0.510196,0.173976],[0.510196,0.173976],
[0.509519,0.173520],[0.509519,0.173520],[0.508842,0.173067],[0.508842,0.173067],[0.508167,0.172617],
[0.508167,0.172617],[0.507492,0.172168],[0.507492,0.172168],[0.506818,0.171722],[0.506818,0.171722],
[0.506145,0.171278],[0.506145,0.171278],[0.505474,0.170836],[0.505474,0.170836],[0.504803,0.170396],
[0.504803,0.170396],[0.504133,0.169959],[0.504133,0.169959],[0.503464,0.169524],[0.503464,0.169524],
[0.502796,0.169090],[0.502796,0.169090],[0.502130,0.168659],[0.502130,0.168659],[0.501586,0.168310],
[0.501586,0.168310],[0.501169,0.168041],[0.501169,0.168041],[0.500848,0.167836],[0.500848,0.167836],
[0.500602,0.167678],[0.500602,0.167678],[0.500412,0.167556],[0.500412,0.167556],[0.500267,0.167463],
[0.500267,0.167463],[0.500154,0.167392],[0.500154,0.167392],[0.500068,0.167337],[0.500002,0.167294],
[0.500068,0.167337],[0.500002,0.167294]
];