PDvalues:=[
[0.744935,0.882560],[0.744343,0.879314],[0.744935,0.882560],[0.744343,0.879314],
[0.744343,0.879314],[0.743744,0.876049],[0.743744,0.876049],[0.743131,0.872726],[0.743131,0.872726],
[0.742508,0.869372],[0.742508,0.869372],[0.741872,0.865966],[0.741872,0.865966],[0.741231,0.862559],
[0.741231,0.862559],[0.740579,0.859121],[0.740579,0.859121],[0.739910,0.855609],[0.739910,0.855609],
[0.739236,0.852098],[0.739236,0.852098],[0.738551,0.848555],[0.738551,0.848555],[0.737835,0.844865],
[0.737835,0.844865],[0.737133,0.841287],[0.737133,0.841287],[0.736419,0.837676],[0.736419,0.837676],
[0.735719,0.834177],[0.735719,0.834177],[0.734979,0.830483],[0.734979,0.830483],[0.734226,0.826757],
[0.734226,0.826757],[0.733367,0.822474],[0.733367,0.822474],[0.732591,0.818695],[0.732591,0.818695],
[0.731802,0.814884],[0.731802,0.814884],[0.730968,0.810867],[0.730968,0.810867],[0.730154,0.806995],
[0.730154,0.806995],[0.729326,0.803090],[0.729326,0.803090],[0.728483,0.799141],[0.728483,0.799141],
[0.727628,0.795173],[0.727628,0.795173],[0.726759,0.791173],[0.726759,0.791173],[0.725876,0.787143],
[0.725876,0.787143],[0.724979,0.783082],[0.724979,0.783082],[0.724066,0.778990],[0.724066,0.778990],
[0.723146,0.774898],[0.723146,0.774898],[0.722203,0.770742],[0.722203,0.770742],[0.721245,0.766556],
[0.721245,0.766556],[0.720267,0.762320],[0.720267,0.762320],[0.719277,0.758072],[0.719277,0.758072],
[0.718271,0.753794],[0.718271,0.753794],[0.717267,0.749569],[0.717267,0.749569],[0.716228,0.745234],
[0.716228,0.745234],[0.715172,0.740870],[0.715172,0.740870],[0.714113,0.736539],[0.714113,0.736539],
[0.713024,0.732121],[0.713024,0.732121],[0.711917,0.727676],[0.711917,0.727676],[0.710796,0.723213],
[0.710796,0.723213],[0.709653,0.718715],[0.709653,0.718715],[0.708493,0.714191],[0.708493,0.714191],
[0.707299,0.709565],[0.707299,0.709565],[0.706102,0.704992],[0.706102,0.704992],[0.704886,0.700396],
[0.704886,0.700396],[0.703730,0.696083],[0.703730,0.696083],[0.702477,0.691439],[0.702477,0.691439],
[0.701206,0.686775],[0.701206,0.686775],[0.699903,0.682059],[0.699903,0.682059],[0.698594,0.677354],
[0.698594,0.677354],[0.697264,0.672632],[0.697264,0.672632],[0.695979,0.668142],[0.695979,0.668142],
[0.694613,0.663390],[0.694613,0.663390],[0.693228,0.658623],[0.693228,0.658623],[0.691831,0.653860],
[0.691831,0.653860],[0.690408,0.649069],[0.690408,0.649069],[0.688967,0.644267],[0.688967,0.644267],
[0.687477,0.639355],[0.687477,0.639355],[0.686003,0.634555],[0.686003,0.634555],[0.684510,0.629747],
[0.684510,0.629747],[0.683042,0.625112],[0.683042,0.625112],[0.681516,0.620303],[0.681516,0.620303],
[0.679971,0.615491],[0.679971,0.615491],[0.678421,0.610715],[0.678421,0.610715],[0.676840,0.605898],
[0.676840,0.605898],[0.675241,0.601082],[0.675241,0.601082],[0.673615,0.596222],[0.673615,0.596222],
[0.671981,0.591409],[0.671981,0.591409],[0.670330,0.586602],[0.670330,0.586602],[0.668659,0.581779],
[0.668659,0.581779],[0.666975,0.576984],[0.666975,0.576984],[0.665275,0.572199],[0.665275,0.572199],
[0.663575,0.567474],[0.663575,0.567474],[0.661848,0.562720],[0.661848,0.562720],[0.660107,0.557981],
[0.660107,0.557981],[0.658347,0.553235],[0.658347,0.553235],[0.656580,0.548532],[0.656580,0.548532],
[0.654801,0.543847],[0.654801,0.543847],[0.653014,0.539196],[0.653014,0.539196],[0.651210,0.534551],
[0.651210,0.534551],[0.649396,0.529929],[0.649396,0.529929],[0.647573,0.525333],[0.647573,0.525333],
[0.645738,0.520760],[0.645738,0.520760],[0.643894,0.516212],[0.643894,0.516212],[0.642042,0.511697],
[0.642042,0.511697],[0.640183,0.507207],[0.640183,0.507207],[0.638315,0.502746],[0.638315,0.502746],
[0.636440,0.498312],[0.636440,0.498312],[0.634560,0.493912],[0.634560,0.493912],[0.632673,0.489543],
[0.632673,0.489543],[0.630783,0.485212],[0.630783,0.485212],[0.628887,0.480910],[0.628887,0.480910],
[0.626987,0.476641],[0.626987,0.476641],[0.625080,0.472399],[0.625080,0.472399],[0.623175,0.468202],
[0.623175,0.468202],[0.621267,0.464040],[0.621267,0.464040],[0.619353,0.459907],[0.619353,0.459907],
[0.617441,0.455814],[0.617441,0.455814],[0.615527,0.451756],[0.615527,0.451756],[0.613608,0.447724],
[0.613608,0.447724],[0.611694,0.443741],[0.611694,0.443741],[0.609779,0.439793],[0.609779,0.439793],
[0.607860,0.435872],[0.607860,0.435872],[0.605948,0.431999],[0.605948,0.431999],[0.604038,0.428163],
[0.604038,0.428163],[0.602121,0.424348],[0.602121,0.424348],[0.600217,0.420589],[0.600217,0.420589],
[0.598315,0.416867],[0.598315,0.416867],[0.596410,0.413170],[0.596410,0.413170],[0.594516,0.409524],
[0.594516,0.409524],[0.592626,0.405915],[0.592626,0.405915],[0.590731,0.402323],[0.590731,0.402323],
[0.588850,0.398789],[0.588850,0.398789],[0.586976,0.395292],[0.586976,0.395292],[0.585090,0.391804],
[0.585090,0.391804],[0.583228,0.388384],[0.583228,0.388384],[0.581372,0.385000],[0.581372,0.385000],
[0.579492,0.381596],[0.579492,0.381596],[0.577654,0.378294],[0.577654,0.378294],[0.575823,0.375028],
[0.575823,0.375028],[0.573973,0.371751],[0.573973,0.371751],[0.572161,0.368562],[0.572161,0.368562],
[0.570357,0.365410],[0.570357,0.365410],[0.568536,0.362249],[0.568536,0.362249],[0.566751,0.359172],
[0.566751,0.359172],[0.564976,0.356131],[0.564976,0.356131],[0.563186,0.353085],[0.563186,0.353085],
[0.561432,0.350118],[0.561432,0.350118],[0.559687,0.347186],[0.559687,0.347186],[0.557931,0.344251],
[0.557931,0.344251],[0.556209,0.341392],[0.556209,0.341392],[0.554497,0.338567],[0.554497,0.338567],
[0.552775,0.335742],[0.552775,0.335742],[0.551087,0.332988],[0.551087,0.332988],[0.549410,0.330267],
[0.549410,0.330267],[0.547725,0.327550],[0.547725,0.327550],[0.546073,0.324898],[0.546073,0.324898],
[0.544431,0.322279],[0.544431,0.322279],[0.542785,0.319667],[0.542785,0.319667],[0.541168,0.317115],
[0.541168,0.317115],[0.539563,0.314596],[0.539563,0.314596],[0.537956,0.312085],[0.537956,0.312085],
[0.536377,0.309631],[0.536377,0.309631],[0.534809,0.307208],[0.534809,0.307208],[0.533242,0.304797],
[0.533242,0.304797],[0.531700,0.302437],[0.531700,0.302437],[0.530171,0.300107],[0.530171,0.300107],
[0.528644,0.297793],[0.528644,0.297793],[0.527140,0.295524],[0.527140,0.295524],[0.525649,0.293285],
[0.525649,0.293285],[0.524163,0.291065],[0.524163,0.291065],[0.522697,0.288884],[0.522697,0.288884],
[0.521243,0.286733],[0.521243,0.286733],[0.519798,0.284602],[0.519798,0.284602],[0.518369,0.282507],
[0.518369,0.282507],[0.516953,0.280439],[0.516953,0.280439],[0.515548,0.278395],[0.515548,0.278395],
[0.514156,0.276382],[0.514156,0.276382],[0.512778,0.274396],[0.512778,0.274396],[0.511410,0.272434],
[0.511410,0.272434],[0.510056,0.270500],[0.510056,0.270500],[0.508713,0.268591],[0.508713,0.268591],
[0.507383,0.266707],[0.507383,0.266707],[0.506064,0.264848],[0.506064,0.264848],[0.504757,0.263015],
[0.504757,0.263015],[0.503461,0.261203],[0.503461,0.261203],[0.502178,0.259418],[0.502178,0.259418],
[0.500907,0.257657],[0.500907,0.257657],[0.499644,0.255914],[0.499644,0.255914],[0.498395,0.254198],
[0.498395,0.254198],[0.497157,0.252506],[0.497157,0.252506],[0.495927,0.250830],[0.495927,0.250830],
[0.494710,0.249179],[0.494710,0.249179],[0.493503,0.247549],[0.493503,0.247549],[0.492287,0.245914],
[0.492287,0.245914],[0.491103,0.244328],[0.491103,0.244328],[0.489930,0.242763],[0.489930,0.242763],
[0.488758,0.241208],[0.488758,0.241208],[0.487603,0.239681],[0.487603,0.239681],[0.486459,0.238174],
[0.486459,0.238174],[0.485309,0.236668],[0.485309,0.236668],[0.484176,0.235189],[0.484176,0.235189],
[0.483054,0.233730],[0.483054,0.233730],[0.481901,0.232239],[0.481901,0.232239],[0.480794,0.230812],
[0.480794,0.230812],[0.479696,0.229403],[0.479696,0.229403],[0.478605,0.228015],[0.478605,0.228015],
[0.477518,0.226632],[0.477518,0.226632],[0.476441,0.225268],[0.476441,0.225268],[0.475369,0.223916],
[0.475369,0.223916],[0.474310,0.222586],[0.474310,0.222586],[0.473261,0.221274],[0.473261,0.221274],
[0.472207,0.219967],[0.472207,0.219967],[0.471172,0.218684],[0.471172,0.218684],[0.470145,0.217417],
[0.470145,0.217417],[0.469074,0.216102],[0.469074,0.216102],[0.468066,0.214870],[0.468066,0.214870],
[0.467066,0.213653],[0.467066,0.213653],[0.466025,0.212387],[0.466025,0.212387],[0.465049,0.211209],
[0.465049,0.211209],[0.464080,0.210047],[0.464080,0.210047],[0.463085,0.208856],[0.463085,0.208856],
[0.462133,0.207723],[0.462133,0.207723],[0.461188,0.206604],[0.461188,0.206604],[0.460200,0.205440],
[0.460200,0.205440],[0.459270,0.204347],[0.459270,0.204347],[0.458346,0.203268],[0.458346,0.203268],
[0.457366,0.202128],[0.457366,0.202128],[0.456459,0.201077],[0.456459,0.201077],[0.455559,0.200039],
[0.455559,0.200039],[0.454614,0.198952],[0.454614,0.198952],[0.453734,0.197947],[0.453734,0.197947],
[0.452861,0.196953],[0.452861,0.196953],[0.451953,0.195924],[0.451953,0.195924],[0.451098,0.194961],
[0.451098,0.194961],[0.450250,0.194009],[0.450250,0.194009],[0.449382,0.193040],[0.449382,0.193040],
[0.448545,0.192109],[0.448545,0.192109],[0.447714,0.191188],[0.447714,0.191188],[0.446863,0.190251],
[0.446863,0.190251],[0.446039,0.189347],[0.446039,0.189347],[0.445221,0.188453],[0.445221,0.188453],
[0.444400,0.187563],[0.444400,0.187563],[0.443588,0.186684],[0.443588,0.186684],[0.442782,0.185816],
[0.442782,0.185816],[0.441961,0.184936],[0.441961,0.184936],[0.441164,0.184085],[0.441164,0.184085],
[0.440372,0.183244],[0.440372,0.183244],[0.439555,0.182378],[0.439555,0.182378],[0.438775,0.181557],
[0.438775,0.181557],[0.438000,0.180744],[0.438000,0.180744],[0.437209,0.179918],[0.437209,0.179918],
[0.436446,0.179125],[0.436446,0.179125],[0.435687,0.178340],[0.435687,0.178340],[0.434921,0.177551],
[0.434921,0.177551],[0.434172,0.176783],[0.434172,0.176783],[0.433428,0.176024],[0.433428,0.176024],
[0.432673,0.175258],[0.432673,0.175258],[0.431939,0.174515],[0.431939,0.174515],[0.431208,0.173780],
[0.431208,0.173780],[0.430466,0.173035],[0.430466,0.173035],[0.429745,0.172316],[0.429745,0.172316],
[0.429028,0.171604],[0.429028,0.171604],[0.428297,0.170881],[0.428297,0.170881],[0.427589,0.170184],
[0.427589,0.170184],[0.426885,0.169495],[0.426885,0.169495],[0.426166,0.168793],[0.426166,0.168793],
[0.425470,0.168118],[0.425470,0.168118],[0.424779,0.167449],[0.424779,0.167449],[0.424071,0.166768],
[0.424071,0.166768],[0.423388,0.166113],[0.423388,0.166113],[0.422708,0.165465],[0.422708,0.165465],
[0.422011,0.164803],[0.422011,0.164803],[0.421339,0.164167],[0.421339,0.164167],[0.420670,0.163538],
[0.420670,0.163538],[0.419983,0.162895],[0.419983,0.162895],[0.419322,0.162278],[0.419322,0.162278],
[0.418664,0.161667],[0.418664,0.161667],[0.417987,0.161041],[0.417987,0.161041],[0.417336,0.160441],
[0.417336,0.160441],[0.416688,0.159848],[0.416688,0.159848],[0.416021,0.159238],[0.416021,0.159238],
[0.415380,0.158656],[0.415380,0.158656],[0.414742,0.158079],[0.414742,0.158079],[0.414083,0.157486],
[0.414083,0.157486],[0.413451,0.156920],[0.413451,0.156920],[0.412823,0.156359],[0.412823,0.156359],
[0.412173,0.155781],[0.412173,0.155781],[0.411551,0.155230],[0.411551,0.155230],[0.410932,0.154685],
[0.410932,0.154685],[0.410291,0.154122],[0.410291,0.154122],[0.409678,0.153586],[0.409678,0.153586],
[0.409067,0.153056],[0.409067,0.153056],[0.408436,0.152508],[0.408436,0.152508],[0.407831,0.151987],
[0.407831,0.151987],[0.407230,0.151470],[0.407230,0.151470],[0.406607,0.150938],[0.406607,0.150938],
[0.406012,0.150431],[0.406012,0.150431],[0.405418,0.149928],[0.405418,0.149928],[0.404806,0.149411],
[0.404806,0.149411],[0.404218,0.148917],[0.404218,0.148917],[0.403633,0.148427],[0.403633,0.148427],
[0.403030,0.147924],[0.403030,0.147924],[0.402450,0.147442],[0.402450,0.147442],[0.401872,0.146965],
[0.401872,0.146965],[0.401279,0.146476],[0.401279,0.146476],[0.400707,0.146007],[0.400707,0.146007],
[0.400136,0.145541],[0.400136,0.145541],[0.399552,0.145066],[0.399552,0.145066],[0.398987,0.144608],
[0.398987,0.144608],[0.398424,0.144154],[0.398424,0.144154],[0.397848,0.143692],[0.397848,0.143692],
[0.397290,0.143245],[0.397290,0.143245],[0.396734,0.142802],[0.396734,0.142802],[0.396166,0.142352],
[0.396166,0.142352],[0.395615,0.141916],[0.395615,0.141916],[0.395065,0.141483],[0.395065,0.141483],
[0.394505,0.141044],[0.394505,0.141044],[0.393960,0.140618],[0.393960,0.140618],[0.393417,0.140196],
[0.393417,0.140196],[0.392865,0.139768],[0.392865,0.139768],[0.392325,0.139352],[0.392325,0.139352],
[0.391788,0.138939],[0.391788,0.138939],[0.391243,0.138522],[0.391243,0.138522],[0.390710,0.138115],
[0.390710,0.138115],[0.390178,0.137711],[0.390178,0.137711],[0.389640,0.137304],[0.389640,0.137304],
[0.389112,0.136906],[0.389112,0.136906],[0.388587,0.136512],[0.388587,0.136512],[0.388055,0.136114],
[0.388055,0.136114],[0.387533,0.135725],[0.387533,0.135725],[0.387012,0.135338],[0.387012,0.135338],
[0.386486,0.134950],[0.386486,0.134950],[0.385970,0.134569],[0.385970,0.134569],[0.385454,0.134191],
[0.385454,0.134191],[0.384934,0.133811],[0.384934,0.133811],[0.384423,0.133438],[0.384423,0.133438],
[0.383913,0.133068],[0.383913,0.133068],[0.383398,0.132697],[0.383398,0.132697],[0.382891,0.132332],
[0.382891,0.132332],[0.382386,0.131969],[0.382386,0.131969],[0.381877,0.131606],[0.381877,0.131606],
[0.381375,0.131248],[0.381375,0.131248],[0.380875,0.130893],[0.380875,0.130893],[0.380371,0.130537],
[0.380371,0.130537],[0.379874,0.130187],[0.379874,0.130187],[0.379378,0.129839],[0.379378,0.129839],
[0.378879,0.129491],[0.378879,0.129491],[0.378386,0.129147],[0.378386,0.129147],[0.377895,0.128807],
[0.377895,0.128807],[0.377401,0.128465],[0.377401,0.128465],[0.376913,0.128129],[0.376913,0.128129],
[0.376426,0.127794],[0.376426,0.127794],[0.375937,0.127460],[0.375937,0.127460],[0.375452,0.127130],
[0.375452,0.127130],[0.374970,0.126802],[0.374970,0.126802],[0.374485,0.126474],[0.374485,0.126474],
[0.374005,0.126151],[0.374005,0.126151],[0.373526,0.125829],[0.373526,0.125829],[0.373046,0.125507],
[0.373046,0.125507],[0.372570,0.125190],[0.372570,0.125190],[0.372096,0.124874],[0.372096,0.124874],
[0.371619,0.124559],[0.371619,0.124559],[0.371147,0.124247],[0.371147,0.124247],[0.370676,0.123938],
[0.370676,0.123938],[0.370204,0.123628],[0.370204,0.123628],[0.369735,0.123322],[0.369735,0.123322],
[0.369268,0.123018],[0.369268,0.123018],[0.368799,0.122713],[0.368799,0.122713],[0.368335,0.122413],
[0.368335,0.122413],[0.367872,0.122115],[0.367872,0.122115],[0.367406,0.121816],[0.367406,0.121816],
[0.366946,0.121521],[0.366946,0.121521],[0.366487,0.121228],[0.366487,0.121228],[0.366026,0.120936],
[0.366026,0.120936],[0.365568,0.120646],[0.365568,0.120646],[0.365111,0.120357],[0.365111,0.120357],
[0.364652,0.120068],[0.364652,0.120068],[0.364199,0.119784],[0.364199,0.119784],[0.363747,0.119501],
[0.363747,0.119501],[0.363292,0.119218],[0.363292,0.119218],[0.362843,0.118939],[0.362843,0.118939],
[0.362394,0.118661],[0.362394,0.118661],[0.361943,0.118383],[0.361943,0.118383],[0.361495,0.118108],
[0.361495,0.118108],[0.361048,0.117834],[0.361048,0.117834],[0.360598,0.117559],[0.360598,0.117559],
[0.360156,0.117290],[0.360156,0.117290],[0.359715,0.117022],[0.359715,0.117022],[0.359274,0.116755],
[0.359274,0.116755],[0.358835,0.116491],[0.358835,0.116491],[0.358397,0.116227],[0.358397,0.116227],
[0.357958,0.115964],[0.357958,0.115964],[0.357521,0.115703],[0.357521,0.115703],[0.357086,0.115444],
[0.357086,0.115444],[0.356649,0.115185],[0.356649,0.115185],[0.356214,0.114928],[0.356214,0.114928],
[0.355780,0.114672],[0.355780,0.114672],[0.355344,0.114415],[0.355344,0.114415],[0.354912,0.114162],
[0.354912,0.114162],[0.354481,0.113910],[0.354481,0.113910],[0.354047,0.113657],[0.354047,0.113657],
[0.353617,0.113408],[0.353617,0.113408],[0.353188,0.113160],[0.353188,0.113160],[0.352755,0.112910],
[0.352755,0.112910],[0.352327,0.112664],[0.352327,0.112664],[0.351901,0.112419],[0.351901,0.112419],
[0.351473,0.112175],[0.351473,0.112175],[0.351049,0.111933],[0.351049,0.111933],[0.350627,0.111693],
[0.350627,0.111693],[0.350205,0.111454],[0.350205,0.111454],[0.349784,0.111217],[0.349784,0.111217],
[0.349365,0.110981],[0.349365,0.110981],[0.348946,0.110745],[0.348946,0.110745],[0.348528,0.110511],
[0.348528,0.110511],[0.348111,0.110279],[0.348111,0.110279],[0.347694,0.110047],[0.347694,0.110047],
[0.347279,0.109816],[0.347279,0.109816],[0.346864,0.109587],[0.346864,0.109587],[0.346451,0.109359],
[0.346451,0.109359],[0.346038,0.109132],[0.346038,0.109132],[0.345626,0.108907],[0.345626,0.108907],
[0.345214,0.108681],[0.345214,0.108681],[0.344803,0.108458],[0.344803,0.108458],[0.344394,0.108235],
[0.344394,0.108235],[0.343984,0.108013],[0.343984,0.108013],[0.343576,0.107793],[0.343576,0.107793],
[0.343169,0.107573],[0.343169,0.107573],[0.342763,0.107355],[0.342763,0.107355],[0.342357,0.107138],
[0.342357,0.107138],[0.341953,0.106922],[0.341953,0.106922],[0.341548,0.106706],[0.341548,0.106706],
[0.341145,0.106492],[0.341145,0.106492],[0.340743,0.106280],[0.340743,0.106280],[0.340341,0.106067],
[0.340341,0.106067],[0.339940,0.105856],[0.339940,0.105856],[0.339541,0.105647],[0.339541,0.105647],
[0.339141,0.105437],[0.339141,0.105437],[0.338743,0.105229],[0.338743,0.105229],[0.338345,0.105022],
[0.338345,0.105022],[0.337945,0.104815],[0.337945,0.104815],[0.337549,0.104609],[0.337549,0.104609],
[0.337153,0.104405],[0.337153,0.104405],[0.336756,0.104201],[0.336756,0.104201],[0.336361,0.103998],
[0.336361,0.103998],[0.335967,0.103796],[0.335967,0.103796],[0.335571,0.103594],[0.335571,0.103594],
[0.335180,0.103395],[0.335180,0.103395],[0.334789,0.103196],[0.334789,0.103196],[0.334400,0.102999],
[0.334400,0.102999],[0.334011,0.102802],[0.334011,0.102802],[0.333623,0.102607],[0.333623,0.102607],
[0.333234,0.102411],[0.333234,0.102411],[0.332847,0.102218],[0.332847,0.102218],[0.332461,0.102025],
[0.332461,0.102025],[0.332075,0.101832],[0.332075,0.101832],[0.331691,0.101641],[0.331691,0.101641],
[0.331307,0.101451],[0.331307,0.101451],[0.330923,0.101261],[0.330923,0.101261],[0.330541,0.101073],
[0.330541,0.101073],[0.330159,0.100885],[0.330159,0.100885],[0.329778,0.100698],[0.329778,0.100698],
[0.329398,0.100512],[0.329398,0.100512],[0.329019,0.100327],[0.329019,0.100327],[0.328640,0.100142],
[0.328640,0.100142],[0.328262,0.099959],[0.328262,0.099959],[0.327884,0.099776],[0.327884,0.099776],
[0.327507,0.099594],[0.327507,0.099594],[0.327131,0.099412],[0.327131,0.099412],[0.326755,0.099232],
[0.326755,0.099232],[0.326380,0.099052],[0.326380,0.099052],[0.326006,0.098873],[0.326006,0.098873],
[0.325633,0.098695],[0.325633,0.098695],[0.325260,0.098518],[0.325260,0.098518],[0.324888,0.098341],
[0.324888,0.098341],[0.324516,0.098165],[0.324516,0.098165],[0.324145,0.097990],[0.324145,0.097990],
[0.323775,0.097815],[0.323775,0.097815],[0.323405,0.097642],[0.323405,0.097642],[0.323036,0.097469],
[0.323036,0.097469],[0.322668,0.097297],[0.322668,0.097297],[0.322300,0.097125],[0.322300,0.097125],
[0.321933,0.096954],[0.321933,0.096954],[0.321567,0.096784],[0.321567,0.096784],[0.321201,0.096615],
[0.321201,0.096615],[0.320836,0.096446],[0.320836,0.096446],[0.320471,0.096278],[0.320471,0.096278],
[0.320108,0.096111],[0.320108,0.096111],[0.319744,0.095944],[0.319744,0.095944],[0.319382,0.095779],
[0.319382,0.095779],[0.319020,0.095614],[0.319020,0.095614],[0.318658,0.095449],[0.318658,0.095449],
[0.318297,0.095285],[0.318297,0.095285],[0.317937,0.095122],[0.317937,0.095122],[0.317577,0.094959],
[0.317577,0.094959],[0.317218,0.094797],[0.317218,0.094797],[0.316860,0.094636],[0.316860,0.094636],
[0.316502,0.094475],[0.316502,0.094475],[0.316145,0.094316],[0.316145,0.094316],[0.315789,0.094157],
[0.315789,0.094157],[0.315433,0.093998],[0.315433,0.093998],[0.315078,0.093840],[0.315078,0.093840],
[0.314724,0.093683],[0.314724,0.093683],[0.314368,0.093526],[0.314368,0.093526],[0.314015,0.093370],
[0.314015,0.093370],[0.313662,0.093214],[0.313662,0.093214],[0.313305,0.093058],[0.313305,0.093058],
[0.312953,0.092903],[0.312953,0.092903],[0.312601,0.092749],[0.312601,0.092749],[0.312249,0.092595],
[0.312249,0.092595],[0.311900,0.092443],[0.311900,0.092443],[0.311551,0.092291],[0.311551,0.092291],
[0.311201,0.092139],[0.311201,0.092139],[0.310853,0.091989],[0.310853,0.091989],[0.310507,0.091839],
[0.310507,0.091839],[0.310166,0.091693],[0.310166,0.091693],[0.309821,0.091544],[0.309821,0.091544],
[0.309475,0.091396],[0.309475,0.091396],[0.309135,0.091251],[0.309135,0.091251],[0.308790,0.091104],
[0.308790,0.091104],[0.308447,0.090958],[0.308447,0.090958],[0.308096,0.090809],[0.308096,0.090809],
[0.307752,0.090663],[0.307752,0.090663],[0.307408,0.090517],[0.307408,0.090517],[0.307070,0.090374],
[0.307070,0.090374],[0.306729,0.090230],[0.306729,0.090230],[0.306388,0.090087],[0.306388,0.090087],
[0.306048,0.089944],[0.306048,0.089944],[0.305709,0.089802],[0.305709,0.089802],[0.305370,0.089661],
[0.305370,0.089661],[0.305029,0.089519],[0.305029,0.089519],[0.304691,0.089378],[0.304691,0.089378],
[0.304354,0.089238],[0.304354,0.089238],[0.304010,0.089096],[0.304010,0.089096],[0.303673,0.088957],
[0.303673,0.088957],[0.303336,0.088818],[0.303336,0.088818],[0.302999,0.088679],[0.302999,0.088679],
[0.302665,0.088542],[0.302665,0.088542],[0.302332,0.088405],[0.302332,0.088405],[0.301998,0.088269],
[0.301998,0.088269],[0.301665,0.088133],[0.301665,0.088133],[0.301333,0.087998],[0.301333,0.087998],
[0.301001,0.087863],[0.301001,0.087863],[0.300669,0.087728],[0.300669,0.087728],[0.300338,0.087594],
[0.300338,0.087594],[0.300009,0.087462],[0.300009,0.087462],[0.299679,0.087329],[0.299679,0.087329],
[0.299349,0.087196],[0.299349,0.087196],[0.299031,0.087068],[0.299031,0.087068],[0.298702,0.086937],
[0.298702,0.086937],[0.298374,0.086806],[0.298374,0.086806],[0.298064,0.086682],[0.298064,0.086682],
[0.297736,0.086551],[0.297736,0.086551],[0.297408,0.086421],[0.297408,0.086421],[0.297098,0.086297],
[0.297098,0.086297],[0.296773,0.086169],[0.296773,0.086169],[0.296448,0.086041],[0.296448,0.086041],
[0.296125,0.085913],[0.296125,0.085913],[0.295802,0.085786],[0.295802,0.085786],[0.295480,0.085659],
[0.295480,0.085659],[0.295155,0.085532],[0.295155,0.085532],[0.294834,0.085406],[0.294834,0.085406],
[0.294513,0.085281],[0.294513,0.085281],[0.294190,0.085155],[0.294190,0.085155],[0.293870,0.085031],
[0.293870,0.085031],[0.293551,0.084907],[0.293551,0.084907],[0.293231,0.084783],[0.293231,0.084783],
[0.292913,0.084660],[0.292913,0.084660],[0.292595,0.084538],[0.292595,0.084538],[0.292273,0.084414],
[0.292273,0.084414],[0.291955,0.084291],[0.291955,0.084291],[0.291637,0.084170],[0.291637,0.084170],
[0.291322,0.084049],[0.291322,0.084049],[0.291007,0.083928],[0.291007,0.083928],[0.290692,0.083808],
[0.290692,0.083808],[0.290377,0.083688],[0.290377,0.083688],[0.290064,0.083569],[0.290064,0.083569],
[0.289750,0.083450],[0.289750,0.083450],[0.289436,0.083331],[0.289436,0.083331],[0.289124,0.083213],
[0.289124,0.083213],[0.288812,0.083096],[0.288812,0.083096],[0.288499,0.082978],[0.288499,0.082978],
[0.288188,0.082861],[0.288188,0.082861],[0.287878,0.082745],[0.287878,0.082745],[0.287562,0.082626],
[0.287562,0.082626],[0.287251,0.082510],[0.287251,0.082510],[0.286941,0.082394],[0.286941,0.082394],
[0.286638,0.082281],[0.286638,0.082281],[0.286330,0.082167],[0.286330,0.082167],[0.286023,0.082053],
[0.286023,0.082053],[0.285717,0.081940],[0.285717,0.081940],[0.285411,0.081826],[0.285411,0.081826],
[0.285105,0.081714],[0.285105,0.081714],[0.284796,0.081600],[0.284796,0.081600],[0.284491,0.081488],
[0.284491,0.081488],[0.284187,0.081376],[0.284187,0.081376],[0.283887,0.081266],[0.283887,0.081266],
[0.283583,0.081155],[0.283583,0.081155],[0.283280,0.081044],[0.283280,0.081044],[0.282985,0.080937],
[0.282985,0.080937],[0.282683,0.080827],[0.282683,0.080827],[0.282381,0.080718],[0.282381,0.080718],
[0.282089,0.080611],[0.282089,0.080611],[0.281787,0.080502],[0.281787,0.080502],[0.281487,0.080394],
[0.281487,0.080394],[0.281191,0.080287],[0.281191,0.080287],[0.280893,0.080179],[0.280893,0.080179],
[0.280595,0.080072],[0.280595,0.080072],[0.280296,0.079965],[0.280296,0.079965],[0.279998,0.079858],
[0.279998,0.079858],[0.279702,0.079752],[0.279702,0.079752],[0.279405,0.079646],[0.279405,0.079646],
[0.279109,0.079541],[0.279109,0.079541],[0.278813,0.079436],[0.278813,0.079436],[0.278521,0.079332],
[0.278521,0.079332],[0.278227,0.079228],[0.278227,0.079228],[0.277932,0.079124],[0.277932,0.079124],
[0.277646,0.079022],[0.277646,0.079022],[0.277352,0.078919],[0.277352,0.078919],[0.277058,0.078815],
[0.277058,0.078815],[0.276773,0.078714],[0.276773,0.078714],[0.276482,0.078612],[0.276482,0.078612],
[0.276191,0.078511],[0.276191,0.078511],[0.275900,0.078409],[0.275900,0.078409],[0.275611,0.078308],
[0.275611,0.078308],[0.275322,0.078207],[0.275322,0.078207],[0.275032,0.078106],[0.275032,0.078106],
[0.274744,0.078006],[0.274744,0.078006],[0.274457,0.077906],[0.274457,0.077906],[0.274166,0.077806],
[0.274166,0.077806],[0.273880,0.077707],[0.273880,0.077707],[0.273595,0.077608],[0.273595,0.077608],
[0.273309,0.077510],[0.273309,0.077510],[0.273024,0.077411],[0.273024,0.077411],[0.272739,0.077313],
[0.272739,0.077313],[0.272457,0.077216],[0.272457,0.077216],[0.272173,0.077119],[0.272173,0.077119],
[0.271889,0.077022],[0.271889,0.077022],[0.271600,0.076923],[0.271600,0.076923],[0.271315,0.076826],
[0.271315,0.076826],[0.271032,0.076730],[0.271032,0.076730],[0.270763,0.076638],[0.270763,0.076638],
[0.270484,0.076543],[0.270484,0.076543],[0.270204,0.076448],[0.270204,0.076448],[0.269921,0.076353],
[0.269921,0.076353],[0.269643,0.076259],[0.269643,0.076259],[0.269365,0.076165],[0.269365,0.076165],
[0.269087,0.076072],[0.269087,0.076072],[0.268810,0.075979],[0.268810,0.075979],[0.268533,0.075886],
[0.268533,0.075886],[0.268254,0.075792],[0.268254,0.075792],[0.267977,0.075699],[0.267977,0.075699],
[0.267701,0.075607],[0.267701,0.075607],[0.267427,0.075516],[0.267427,0.075516],[0.267153,0.075424],
[0.267153,0.075424],[0.266878,0.075333],[0.266878,0.075333],[0.266602,0.075241],[0.266602,0.075241],
[0.266329,0.075150],[0.266329,0.075150],[0.266056,0.075060],[0.266056,0.075060],[0.265788,0.074971],
[0.265788,0.074971],[0.265518,0.074882],[0.265518,0.074882],[0.265248,0.074793],[0.265248,0.074793],
[0.264970,0.074702],[0.264970,0.074702],[0.264699,0.074613],[0.264699,0.074613],[0.264428,0.074524],
[0.264428,0.074524],[0.264168,0.074438],[0.264168,0.074438],[0.263900,0.074351],[0.263900,0.074351],
[0.263633,0.074263],[0.263633,0.074263],[0.263363,0.074175],[0.263363,0.074175],[0.263097,0.074088],
[0.263097,0.074088],[0.262830,0.074001],[0.262830,0.074001],[0.262566,0.073916],[0.262566,0.073916],
[0.262301,0.073829],[0.262301,0.073829],[0.262037,0.073744],[0.262037,0.073744],[0.261770,0.073657],
[0.261770,0.073657],[0.261506,0.073572],[0.261506,0.073572],[0.261242,0.073487],[0.261242,0.073487],
[0.260979,0.073402],[0.260979,0.073402],[0.260715,0.073317],[0.260715,0.073317],[0.260452,0.073233],
[0.260452,0.073233],[0.260190,0.073149],[0.260190,0.073149],[0.259926,0.073064],[0.259926,0.073064],
[0.259664,0.072980],[0.259664,0.072980],[0.259393,0.072894],[0.259393,0.072894],[0.259134,0.072811],
[0.259134,0.072811],[0.258875,0.072729],[0.258875,0.072729],[0.258630,0.072651],[0.258630,0.072651],
[0.258373,0.072569],[0.258373,0.072569],[0.258117,0.072487],[0.258117,0.072487],[0.257860,0.072406],
[0.257860,0.072406],[0.257604,0.072325],[0.257604,0.072325],[0.257348,0.072244],[0.257348,0.072244],
[0.257105,0.072166],[0.257105,0.072166],[0.256851,0.072086],[0.256851,0.072086],[0.256598,0.072007],
[0.256598,0.072007],[0.256338,0.071925],[0.256338,0.071925],[0.256086,0.071846],[0.256086,0.071846],
[0.255834,0.071767],[0.255834,0.071767],[0.255580,0.071688],[0.255580,0.071688],[0.255328,0.071609],
[0.255328,0.071609],[0.255077,0.071531],[0.255077,0.071531],[0.254815,0.071449],[0.254815,0.071449],
[0.254565,0.071371],[0.254565,0.071371],[0.254315,0.071293],[0.254315,0.071293],[0.254051,0.071211],
[0.254051,0.071211],[0.253803,0.071134],[0.253803,0.071134],[0.253555,0.071058],[0.253555,0.071058],
[0.253324,0.070985],[0.253324,0.070985],[0.253079,0.070910],[0.253079,0.070910],[0.252834,0.070834],
[0.252834,0.070834],[0.252587,0.070758],[0.252587,0.070758],[0.252343,0.070683],[0.252343,0.070683],
[0.252100,0.070608],[0.252100,0.070608],[0.251856,0.070533],[0.251856,0.070533],[0.251614,0.070459],
[0.251614,0.070459],[0.251372,0.070384],[0.251372,0.070384],[0.251133,0.070311],[0.251133,0.070311],
[0.250894,0.070238],[0.250894,0.070238],[0.250655,0.070165],[0.250655,0.070165],[0.250421,0.070094],
[0.250421,0.070094],[0.250184,0.070021],[0.250184,0.070021],[0.249946,0.069949],[0.249946,0.069949],
[0.249709,0.069877],[0.249709,0.069877],[0.249473,0.069805],[0.249473,0.069805],[0.249239,0.069734],
[0.249239,0.069734],[0.249003,0.069663],[0.249003,0.069663],[0.248769,0.069592],[0.248769,0.069592],
[0.248535,0.069521],[0.248535,0.069521],[0.248299,0.069450],[0.248299,0.069450],[0.248066,0.069380],
[0.248066,0.069380],[0.247835,0.069310],[0.247835,0.069310],[0.247610,0.069242],[0.247610,0.069242],
[0.247377,0.069173],[0.247377,0.069173],[0.247146,0.069103],[0.247146,0.069103],[0.246919,0.069035],
[0.246919,0.069035],[0.246691,0.068967],[0.246691,0.068967],[0.246465,0.068899],[0.246465,0.068899],
[0.246255,0.068836],[0.246255,0.068836],[0.246029,0.068769],[0.246029,0.068769],[0.245804,0.068702],
[0.245804,0.068702],[0.245587,0.068637],[0.245587,0.068637],[0.245365,0.068570],[0.245365,0.068570],
[0.245143,0.068505],[0.245143,0.068505],[0.244915,0.068437],[0.244915,0.068437],[0.244694,0.068372],
[0.244694,0.068372],[0.244474,0.068306],[0.244474,0.068306],[0.244254,0.068241],[0.244254,0.068241],
[0.244034,0.068176],[0.244034,0.068176],[0.243816,0.068112],[0.243816,0.068112],[0.243591,0.068046],
[0.243591,0.068046],[0.243375,0.067982],[0.243375,0.067982],[0.243159,0.067918],[0.243159,0.067918],
[0.242974,0.067864],[0.242974,0.067864],[0.242761,0.067801],[0.242761,0.067801],[0.242549,0.067738],
[0.242549,0.067738],[0.242329,0.067674],[0.242329,0.067674],[0.242117,0.067612],[0.242117,0.067612],
[0.241907,0.067551],[0.241907,0.067551],[0.241689,0.067487],[0.241689,0.067487],[0.241480,0.067426],
[0.241480,0.067426],[0.241272,0.067365],[0.241272,0.067365],[0.241067,0.067306],[0.241067,0.067306],
[0.240861,0.067246],[0.240861,0.067246],[0.240656,0.067186],[0.240656,0.067186],[0.240450,0.067126],
[0.240450,0.067126],[0.240241,0.067065],[0.240241,0.067065],[0.240033,0.067005],[0.240033,0.067005],
[0.239849,0.066951],[0.239849,0.066951],[0.239650,0.066893],[0.239650,0.066893],[0.239452,0.066836],
[0.239452,0.066836],[0.239242,0.066776],[0.239242,0.066776],[0.239046,0.066719],[0.239046,0.066719],
[0.238851,0.066663],[0.238851,0.066663],[0.238657,0.066607],[0.238657,0.066607],[0.238465,0.066551],
[0.238465,0.066551],[0.238273,0.066496],[0.238273,0.066496],[0.238091,0.066443],[0.238091,0.066443],
[0.237901,0.066389],[0.237901,0.066389],[0.237713,0.066335],[0.237713,0.066335],[0.237500,0.066274],
[0.237500,0.066274],[0.237314,0.066221],[0.237314,0.066221],[0.237128,0.066168],[0.237128,0.066168],
[0.236986,0.066126],[0.236986,0.066126],[0.236805,0.066074],[0.236805,0.066074],[0.236624,0.066022],
[0.236624,0.066022],[0.236439,0.065970],[0.236439,0.065970],[0.236261,0.065919],[0.236261,0.065919],
[0.236084,0.065868],[0.236084,0.065868],[0.235916,0.065820],[0.235916,0.065820],[0.235742,0.065771],
[0.235742,0.065771],[0.235570,0.065721],[0.235570,0.065721],[0.235367,0.065664],[0.235367,0.065664],
[0.235197,0.065616],[0.235197,0.065616],[0.235029,0.065568],[0.235029,0.065568],[0.234892,0.065529],
[0.234892,0.065529],[0.234728,0.065482],[0.234728,0.065482],[0.234565,0.065436],[0.234565,0.065436],
[0.234405,0.065390],[0.234405,0.065390],[0.234245,0.065345],[0.234245,0.065345],[0.234088,0.065300],
[0.234088,0.065300],[0.233949,0.065260],[0.233949,0.065260],[0.233795,0.065216],[0.233795,0.065216],
[0.233643,0.065173],[0.233643,0.065173],[0.233452,0.065120],[0.233452,0.065120],[0.233303,0.065078],
[0.233303,0.065078],[0.233155,0.065036],[0.233155,0.065036],[0.233038,0.065002],[0.233038,0.065002],
[0.232895,0.064962],[0.232895,0.064962],[0.232755,0.064922],[0.232755,0.064922],[0.232589,0.064876],
[0.232589,0.064876],[0.232452,0.064837],[0.232452,0.064837],[0.232316,0.064799],[0.232316,0.064799],
[0.232158,0.064754],[0.232158,0.064754],[0.232028,0.064717],[0.232028,0.064717],[0.231900,0.064681],
[0.231900,0.064681],[0.231866,0.064670],[0.231866,0.064670],[0.231744,0.064635],[0.231744,0.064635],
[0.231624,0.064601],[0.231624,0.064601],[0.231473,0.064559],[0.231473,0.064559],[0.231357,0.064526],
[0.231357,0.064526],[0.231244,0.064494],[0.231244,0.064494],[0.231107,0.064456],[0.231107,0.064456],
[0.230999,0.064425],[0.230999,0.064425],[0.230894,0.064395],[0.230894,0.064395],[0.230844,0.064379],
[0.230844,0.064379],[0.230745,0.064351],[0.230745,0.064351],[0.230648,0.064323],[0.230648,0.064323],
[0.230551,0.064296],[0.230551,0.064296],[0.230460,0.064270],[0.230460,0.064270],[0.230373,0.064244],
[0.230373,0.064244],[0.230221,0.064203],[0.230221,0.064203],[0.230139,0.064179],[0.230139,0.064179],
[0.230060,0.064156],[0.230060,0.064156],[0.230044,0.064150],[0.230044,0.064150],[0.229973,0.064129],
[0.229973,0.064129],[0.229905,0.064109],[0.229905,0.064109],[0.229828,0.064087],[0.229828,0.064087],
[0.229766,0.064068],[0.229766,0.064068],[0.229707,0.064051],[0.229707,0.064051],[0.229641,0.064032],
[0.229641,0.064032],[0.229589,0.064016],[0.229589,0.064016],[0.229541,0.064001],[0.229541,0.064001],
[0.229494,0.063987],[0.229494,0.063987],[0.229453,0.063974],[0.229453,0.063974],[0.229415,0.063962],
[0.229415,0.063962],[0.229381,0.063951],[0.229381,0.063951],[0.229350,0.063941],[0.229350,0.063941],
[0.229323,0.063932],[0.229323,0.063932],[0.229294,0.063922],[0.229294,0.063922],[0.229274,0.063915],
[0.229274,0.063915],[0.229258,0.063909],[0.229258,0.063909],[0.229240,0.063902],[0.229240,0.063902],
[0.229231,0.063898],[0.229231,0.063898],[0.229226,0.063895],[0.229226,0.063895],[0.229222,0.063892],
[0.229222,0.063892],[0.229224,0.063890],[0.229224,0.063890],[0.229230,0.063890],[0.229230,0.063890],
[0.229236,0.063889],[0.229236,0.063889],[0.229249,0.063891],[0.229249,0.063891],[0.229266,0.063893],
[0.229266,0.063893],[0.229281,0.063895],[0.229281,0.063895],[0.229305,0.063900],[0.229305,0.063900],
[0.229333,0.063905],[0.229333,0.063905],[0.229359,0.063910],[0.229359,0.063910],[0.229394,0.063917],
[0.229394,0.063917],[0.229432,0.063925],[0.229432,0.063925],[0.229471,0.063933],[0.229471,0.063933],
[0.229517,0.063943],[0.229517,0.063943],[0.229565,0.063953],[0.229565,0.063953],[0.229614,0.063964],
[0.229614,0.063964],[0.229670,0.063977],[0.229670,0.063977],[0.229728,0.063990],[0.229728,0.063990],
[0.229786,0.064003],[0.229786,0.064003],[0.229851,0.064018],[0.229851,0.064018],[0.229919,0.064034],
[0.229919,0.064034],[0.229985,0.064049],[0.229985,0.064049],[0.230060,0.064066],[0.230060,0.064066],
[0.230139,0.064085],[0.230139,0.064085],[0.230217,0.064103],[0.230217,0.064103],[0.230301,0.064123],
[0.230301,0.064123],[0.230388,0.064144],[0.230388,0.064144],[0.230480,0.064166],[0.230480,0.064166],
[0.230573,0.064188],[0.230573,0.064188],[0.230670,0.064211],[0.230670,0.064211],[0.230771,0.064235],
[0.230771,0.064235],[0.230872,0.064260],[0.230872,0.064260],[0.230977,0.064285],[0.230977,0.064285],
[0.231073,0.064308],[0.231073,0.064308],[0.231184,0.064334],[0.231184,0.064334],[0.231297,0.064362],
[0.231297,0.064362],[0.231419,0.064391],[0.231419,0.064391],[0.231537,0.064420],[0.231537,0.064420],
[0.231658,0.064449],[0.231658,0.064449],[0.231776,0.064478],[0.231776,0.064478],[0.231902,0.064509],
[0.231902,0.064509],[0.232030,0.064540],[0.232030,0.064540],[0.232173,0.064575],[0.232173,0.064575],
[0.232306,0.064608],[0.232306,0.064608],[0.232442,0.064641],[0.232442,0.064641],[0.232594,0.064678],
[0.232594,0.064678],[0.232735,0.064713],[0.232735,0.064713],[0.232878,0.064748],[0.232878,0.064748],
[0.233021,0.064783],[0.233021,0.064783],[0.233168,0.064819],[0.233168,0.064819],[0.233318,0.064856],
[0.233318,0.064856],[0.233463,0.064892],[0.233463,0.064892],[0.233617,0.064930],[0.233617,0.064930],
[0.233774,0.064969],[0.233774,0.064969],[0.233917,0.065004],[0.233917,0.065004],[0.234077,0.065043],
[0.234077,0.065043],[0.234240,0.065083],[0.234240,0.065083],[0.234389,0.065120],[0.234389,0.065120],
[0.234554,0.065161],[0.234554,0.065161],[0.234722,0.065203],[0.234722,0.065203],[0.234889,0.065244],
[0.234889,0.065244],[0.235063,0.065287],[0.235063,0.065287],[0.235238,0.065330],[0.235238,0.065330],
[0.235430,0.065378],[0.235430,0.065378],[0.235608,0.065423],[0.235608,0.065423],[0.235787,0.065467],
[0.235787,0.065467],[0.235974,0.065514],[0.235974,0.065514],[0.236157,0.065559],[0.236157,0.065559],
[0.236342,0.065605],[0.236342,0.065605],[0.236518,0.065649],[0.236518,0.065649],[0.236707,0.065696],
[0.236707,0.065696],[0.236898,0.065744],[0.236898,0.065744],[0.237093,0.065792],[0.237093,0.065792],
[0.237287,0.065841],[0.237287,0.065841],[0.237483,0.065889],[0.237483,0.065889],[0.237684,0.065940],
[0.237684,0.065940],[0.237884,0.065989],[0.237884,0.065989],[0.238085,0.066040],[0.238085,0.066040],
[0.238290,0.066091],[0.238290,0.066091],[0.238494,0.066142],[0.238494,0.066142],[0.238700,0.066193],
[0.238700,0.066193],[0.238905,0.066245],[0.238905,0.066245],[0.239114,0.066297],[0.239114,0.066297],
[0.239324,0.066350],[0.239324,0.066350],[0.239537,0.066403],[0.239537,0.066403],[0.239750,0.066457],
[0.239750,0.066457],[0.239965,0.066510],[0.239965,0.066510],[0.240180,0.066564],[0.240180,0.066564],
[0.240400,0.066619],[0.240400,0.066619],[0.240620,0.066675],[0.240620,0.066675],[0.240836,0.066729],
[0.240836,0.066729],[0.241060,0.066785],[0.241060,0.066785],[0.241285,0.066842],[0.241285,0.066842],
[0.241521,0.066901],[0.241521,0.066901],[0.241749,0.066959],[0.241749,0.066959],[0.241978,0.067016],
[0.241978,0.067016],[0.242198,0.067072],[0.242198,0.067072],[0.242431,0.067130],[0.242431,0.067130],
[0.242665,0.067190],[0.242665,0.067190],[0.242898,0.067248],[0.242898,0.067248],[0.243136,0.067308],
[0.243136,0.067308],[0.243374,0.067368],[0.243374,0.067368],[0.243616,0.067429],[0.243616,0.067429],
[0.243857,0.067490],[0.243857,0.067490],[0.244099,0.067552],[0.244099,0.067552],[0.244343,0.067613],
[0.244343,0.067613],[0.244589,0.067675],[0.244589,0.067675],[0.244836,0.067738],[0.244836,0.067738],
[0.245083,0.067801],[0.245083,0.067801],[0.245333,0.067864],[0.245333,0.067864],[0.245584,0.067928],
[0.245584,0.067928],[0.245845,0.067994],[0.245845,0.067994],[0.246100,0.068058],[0.246100,0.068058],
[0.246356,0.068123],[0.246356,0.068123],[0.246617,0.068190],[0.246617,0.068190],[0.246877,0.068256],
[0.246877,0.068256],[0.247139,0.068322],[0.247139,0.068322],[0.247382,0.068384],[0.247382,0.068384],
[0.247646,0.068451],[0.247646,0.068451],[0.247911,0.068519],[0.247911,0.068519],[0.248154,0.068580],
[0.248154,0.068580],[0.248420,0.068648],[0.248420,0.068648],[0.248687,0.068716],[0.248687,0.068716],
[0.248971,0.068789],[0.248971,0.068789],[0.249242,0.068858],[0.249242,0.068858],[0.249515,0.068927],
[0.249515,0.068927],[0.249792,0.068998],[0.249792,0.068998],[0.250068,0.069069],[0.250068,0.069069],
[0.250344,0.069140],[0.250344,0.069140],[0.250625,0.069211],[0.250625,0.069211],[0.250905,0.069283],
[0.250905,0.069283],[0.251186,0.069355],[0.251186,0.069355],[0.251473,0.069428],[0.251473,0.069428],
[0.251757,0.069501],[0.251757,0.069501],[0.252043,0.069575],[0.252043,0.069575],[0.252331,0.069649],
[0.252331,0.069649],[0.252620,0.069723],[0.252620,0.069723],[0.252909,0.069797],[0.252909,0.069797],
[0.253201,0.069872],[0.253201,0.069872],[0.253494,0.069947],[0.253494,0.069947],[0.253788,0.070023],
[0.253788,0.070023],[0.254084,0.070099],[0.254084,0.070099],[0.254381,0.070176],[0.254381,0.070176],
[0.254679,0.070253],[0.254679,0.070253],[0.254981,0.070330],[0.254981,0.070330],[0.255282,0.070408],
[0.255282,0.070408],[0.255584,0.070486],[0.255584,0.070486],[0.255891,0.070565],[0.255891,0.070565],
[0.256196,0.070644],[0.256196,0.070644],[0.256503,0.070724],[0.256503,0.070724],[0.256813,0.070804],
[0.256813,0.070804],[0.257123,0.070884],[0.257123,0.070884],[0.257433,0.070965],[0.257433,0.070965],
[0.257744,0.071045],[0.257744,0.071045],[0.258056,0.071126],[0.258056,0.071126],[0.258371,0.071208],
[0.258371,0.071208],[0.258679,0.071288],[0.258679,0.071288],[0.258997,0.071371],[0.258997,0.071371],
[0.259316,0.071454],[0.259316,0.071454],[0.259640,0.071538],[0.259640,0.071538],[0.259961,0.071622],
[0.259961,0.071622],[0.260284,0.071706],[0.260284,0.071706],[0.260606,0.071790],[0.260606,0.071790],
[0.260931,0.071875],[0.260931,0.071875],[0.261258,0.071960],[0.261258,0.071960],[0.261590,0.072047],
[0.261590,0.072047],[0.261920,0.072133],[0.261920,0.072133],[0.262251,0.072220],[0.262251,0.072220],
[0.262577,0.072305],[0.262577,0.072305],[0.262911,0.072393],[0.262911,0.072393],[0.263247,0.072481],
[0.263247,0.072481],[0.263585,0.072570],[0.263585,0.072570],[0.263922,0.072658],[0.263922,0.072658],
[0.264260,0.072747],[0.264260,0.072747],[0.264600,0.072836],[0.264600,0.072836],[0.264941,0.072926],
[0.264941,0.072926],[0.265283,0.073016],[0.265283,0.073016],[0.265627,0.073107],[0.265627,0.073107],
[0.265971,0.073198],[0.265971,0.073198],[0.266316,0.073289],[0.266316,0.073289],[0.266662,0.073380],
[0.266662,0.073380],[0.267009,0.073472],[0.267009,0.073472],[0.267357,0.073564],[0.267357,0.073564],
[0.267706,0.073657],[0.267706,0.073657],[0.268056,0.073749],[0.268056,0.073749],[0.268408,0.073843],
[0.268408,0.073843],[0.268759,0.073936],[0.268759,0.073936],[0.269112,0.074030],[0.269112,0.074030],
[0.269467,0.074124],[0.269467,0.074124],[0.269822,0.074218],[0.269822,0.074218],[0.270178,0.074313],
[0.270178,0.074313],[0.270536,0.074409],[0.270536,0.074409],[0.270895,0.074505],[0.270895,0.074505],
[0.271255,0.074601],[0.271255,0.074601],[0.271616,0.074697],[0.271616,0.074697],[0.271977,0.074794],
[0.271977,0.074794],[0.272341,0.074891],[0.272341,0.074891],[0.272705,0.074988],[0.272705,0.074988],
[0.273069,0.075086],[0.273069,0.075086],[0.273435,0.075184],[0.273435,0.075184],[0.273802,0.075283],
[0.273802,0.075283],[0.274169,0.075382],[0.274169,0.075382],[0.274538,0.075481],[0.274538,0.075481],
[0.274908,0.075581],[0.274908,0.075581],[0.275279,0.075680],[0.275279,0.075680],[0.275650,0.075781],
[0.275650,0.075781],[0.276023,0.075881],[0.276023,0.075881],[0.276396,0.075982],[0.276396,0.075982],
[0.276771,0.076083],[0.276771,0.076083],[0.277146,0.076185],[0.277146,0.076185],[0.277523,0.076287],
[0.277523,0.076287],[0.277900,0.076389],[0.277900,0.076389],[0.278278,0.076492],[0.278278,0.076492],
[0.278657,0.076595],[0.278657,0.076595],[0.279037,0.076698],[0.279037,0.076698],[0.279417,0.076802],
[0.279417,0.076802],[0.279799,0.076906],[0.279799,0.076906],[0.280182,0.077010],[0.280182,0.077010],
[0.280565,0.077115],[0.280565,0.077115],[0.280949,0.077220],[0.280949,0.077220],[0.281334,0.077325],
[0.281334,0.077325],[0.281720,0.077431],[0.281720,0.077431],[0.282107,0.077537],[0.282107,0.077537],
[0.282495,0.077643],[0.282495,0.077643],[0.282883,0.077750],[0.282883,0.077750],[0.283272,0.077857],
[0.283272,0.077857],[0.283662,0.077964],[0.283662,0.077964],[0.284053,0.078072],[0.284053,0.078072],
[0.284444,0.078180],[0.284444,0.078180],[0.284837,0.078288],[0.284837,0.078288],[0.285230,0.078397],
[0.285230,0.078397],[0.285624,0.078506],[0.285624,0.078506],[0.286018,0.078615],[0.286018,0.078615],
[0.286413,0.078724],[0.286413,0.078724],[0.286809,0.078834],[0.286809,0.078834],[0.287206,0.078944],
[0.287206,0.078944],[0.287603,0.079055],[0.287603,0.079055],[0.288002,0.079166],[0.288002,0.079166],
[0.288400,0.079277],[0.288400,0.079277],[0.288799,0.079388],[0.288799,0.079388],[0.289199,0.079500],
[0.289199,0.079500],[0.289600,0.079612],[0.289600,0.079612],[0.290001,0.079724],[0.290001,0.079724],
[0.290403,0.079837],[0.290403,0.079837],[0.290806,0.079949],[0.290806,0.079949],[0.291210,0.080063],
[0.291210,0.080063],[0.291614,0.080176],[0.291614,0.080176],[0.292019,0.080290],[0.292019,0.080290],
[0.292425,0.080404],[0.292425,0.080404],[0.292831,0.080519],[0.292831,0.080519],[0.293237,0.080634],
[0.293237,0.080634],[0.293645,0.080749],[0.293645,0.080749],[0.294053,0.080864],[0.294053,0.080864],
[0.294462,0.080980],[0.294462,0.080980],[0.294871,0.081096],[0.294871,0.081096],[0.295281,0.081212],
[0.295281,0.081212],[0.295691,0.081329],[0.295691,0.081329],[0.296102,0.081446],[0.296102,0.081446],
[0.296514,0.081563],[0.296514,0.081563],[0.296926,0.081680],[0.296926,0.081680],[0.297339,0.081798],
[0.297339,0.081798],[0.297753,0.081916],[0.297753,0.081916],[0.298167,0.082035],[0.298167,0.082035],
[0.298582,0.082154],[0.298582,0.082154],[0.298997,0.082273],[0.298997,0.082273],[0.299413,0.082392],
[0.299413,0.082392],[0.299829,0.082512],[0.299829,0.082512],[0.300247,0.082632],[0.300247,0.082632],
[0.300664,0.082752],[0.300664,0.082752],[0.301082,0.082873],[0.301082,0.082873],[0.301501,0.082994],
[0.301501,0.082994],[0.301921,0.083115],[0.301921,0.083115],[0.302340,0.083236],[0.302340,0.083236],
[0.302761,0.083358],[0.302761,0.083358],[0.303182,0.083480],[0.303182,0.083480],[0.303604,0.083603],
[0.303604,0.083603],[0.304026,0.083726],[0.304026,0.083726],[0.304449,0.083849],[0.304449,0.083849],
[0.304872,0.083972],[0.304872,0.083972],[0.305296,0.084096],[0.305296,0.084096],[0.305720,0.084220],
[0.305720,0.084220],[0.306145,0.084344],[0.306145,0.084344],[0.306571,0.084469],[0.306571,0.084469],
[0.306997,0.084594],[0.306997,0.084594],[0.307424,0.084719],[0.307424,0.084719],[0.307851,0.084845],
[0.307851,0.084845],[0.308279,0.084971],[0.308279,0.084971],[0.308707,0.085097],[0.308707,0.085097],
[0.309136,0.085224],[0.309136,0.085224],[0.309565,0.085351],[0.309565,0.085351],[0.309995,0.085478],
[0.309995,0.085478],[0.310426,0.085606],[0.310426,0.085606],[0.310857,0.085733],[0.310857,0.085733],
[0.311288,0.085862],[0.311288,0.085862],[0.311720,0.085990],[0.311720,0.085990],[0.312153,0.086119],
[0.312153,0.086119],[0.312586,0.086248],[0.312586,0.086248],[0.313020,0.086378],[0.313020,0.086378],
[0.313454,0.086508],[0.313454,0.086508],[0.313889,0.086638],[0.313889,0.086638],[0.314324,0.086768],
[0.314324,0.086768],[0.314760,0.086899],[0.314760,0.086899],[0.315197,0.087030],[0.315197,0.087030],
[0.315634,0.087162],[0.315634,0.087162],[0.316071,0.087294],[0.316071,0.087294],[0.316509,0.087426],
[0.316509,0.087426],[0.316948,0.087558],[0.316948,0.087558],[0.317387,0.087691],[0.317387,0.087691],
[0.317826,0.087824],[0.317826,0.087824],[0.318266,0.087958],[0.318266,0.087958],[0.318707,0.088092],
[0.318707,0.088092],[0.319148,0.088226],[0.319148,0.088226],[0.319590,0.088361],[0.319590,0.088361],
[0.320032,0.088495],[0.320032,0.088495],[0.320475,0.088631],[0.320475,0.088631],[0.320918,0.088766],
[0.320918,0.088766],[0.321362,0.088902],[0.321362,0.088902],[0.321806,0.089038],[0.321806,0.089038],
[0.322251,0.089175],[0.322251,0.089175],[0.322697,0.089312],[0.322697,0.089312],[0.323143,0.089449],
[0.323143,0.089449],[0.323589,0.089587],[0.323589,0.089587],[0.324036,0.089725],[0.324036,0.089725],
[0.324484,0.089864],[0.324484,0.089864],[0.324932,0.090002],[0.324932,0.090002],[0.325380,0.090142],
[0.325380,0.090142],[0.325829,0.090281],[0.325829,0.090281],[0.326279,0.090421],[0.326279,0.090421],
[0.326729,0.090561],[0.326729,0.090561],[0.327180,0.090702],[0.327180,0.090702],[0.327631,0.090843],
[0.327631,0.090843],[0.328083,0.090984],[0.328083,0.090984],[0.328535,0.091126],[0.328535,0.091126],
[0.328988,0.091268],[0.328988,0.091268],[0.329441,0.091410],[0.329441,0.091410],[0.329895,0.091553],
[0.329895,0.091553],[0.330349,0.091696],[0.330349,0.091696],[0.330804,0.091840],[0.330804,0.091840],
[0.331259,0.091983],[0.331259,0.091983],[0.331715,0.092128],[0.331715,0.092128],[0.332171,0.092272],
[0.332171,0.092272],[0.332628,0.092417],[0.332628,0.092417],[0.333085,0.092563],[0.333085,0.092563],
[0.333543,0.092709],[0.333543,0.092709],[0.334002,0.092855],[0.334002,0.092855],[0.334461,0.093001],
[0.334461,0.093001],[0.334921,0.093148],[0.334921,0.093148],[0.335381,0.093296],[0.335381,0.093296],
[0.335842,0.093444],[0.335842,0.093444],[0.336303,0.093592],[0.336303,0.093592],[0.336764,0.093740],
[0.336764,0.093740],[0.337226,0.093889],[0.337226,0.093889],[0.337689,0.094038],[0.337689,0.094038],
[0.338152,0.094188],[0.338152,0.094188],[0.338615,0.094338],[0.338615,0.094338],[0.339079,0.094488],
[0.339079,0.094488],[0.339543,0.094639],[0.339543,0.094639],[0.340008,0.094790],[0.340008,0.094790],
[0.340473,0.094942],[0.340473,0.094942],[0.340939,0.095094],[0.340939,0.095094],[0.341405,0.095246],
[0.341405,0.095246],[0.341872,0.095399],[0.341872,0.095399],[0.342339,0.095552],[0.342339,0.095552],
[0.342807,0.095705],[0.342807,0.095705],[0.343275,0.095859],[0.343275,0.095859],[0.343743,0.096013],
[0.343743,0.096013],[0.344211,0.096168],[0.344211,0.096168],[0.344681,0.096323],[0.344681,0.096323],
[0.345151,0.096479],[0.345151,0.096479],[0.345622,0.096634],[0.345622,0.096634],[0.346093,0.096791],
[0.346093,0.096791],[0.346565,0.096948],[0.346565,0.096948],[0.347037,0.097105],[0.347037,0.097105],
[0.347510,0.097263],[0.347510,0.097263],[0.347983,0.097421],[0.347983,0.097421],[0.348457,0.097579],
[0.348457,0.097579],[0.348932,0.097738],[0.348932,0.097738],[0.349407,0.097898],[0.349407,0.097898],
[0.349882,0.098058],[0.349882,0.098058],[0.350359,0.098218],[0.350359,0.098218],[0.350835,0.098379],
[0.350835,0.098379],[0.351313,0.098540],[0.351313,0.098540],[0.351791,0.098702],[0.351791,0.098702],
[0.352269,0.098864],[0.352269,0.098864],[0.352748,0.099027],[0.352748,0.099027],[0.353228,0.099190],
[0.353228,0.099190],[0.353708,0.099354],[0.353708,0.099354],[0.354189,0.099518],[0.354189,0.099518],
[0.354670,0.099682],[0.354670,0.099682],[0.355152,0.099847],[0.355152,0.099847],[0.355634,0.100013],
[0.355634,0.100013],[0.356117,0.100179],[0.356117,0.100179],[0.356601,0.100345],[0.356601,0.100345],
[0.357085,0.100512],[0.357085,0.100512],[0.357569,0.100679],[0.357569,0.100679],[0.358054,0.100847],
[0.358054,0.100847],[0.358540,0.101015],[0.358540,0.101015],[0.359026,0.101184],[0.359026,0.101184],
[0.359513,0.101353],[0.359513,0.101353],[0.360001,0.101523],[0.360001,0.101523],[0.360489,0.101693],
[0.360489,0.101693],[0.360977,0.101864],[0.360977,0.101864],[0.361466,0.102035],[0.361466,0.102035],
[0.361956,0.102207],[0.361956,0.102207],[0.362446,0.102379],[0.362446,0.102379],[0.362937,0.102552],
[0.362937,0.102552],[0.363428,0.102725],[0.363428,0.102725],[0.363920,0.102899],[0.363920,0.102899],
[0.364413,0.103073],[0.364413,0.103073],[0.364906,0.103248],[0.364906,0.103248],[0.365400,0.103423],
[0.365400,0.103423],[0.365894,0.103599],[0.365894,0.103599],[0.366389,0.103775],[0.366389,0.103775],
[0.366884,0.103952],[0.366884,0.103952],[0.367380,0.104129],[0.367380,0.104129],[0.367877,0.104307],
[0.367877,0.104307],[0.368374,0.104486],[0.368374,0.104486],[0.368872,0.104665],[0.368872,0.104665],
[0.369370,0.104844],[0.369370,0.104844],[0.369869,0.105024],[0.369869,0.105024],[0.370368,0.105205],
[0.370368,0.105205],[0.370868,0.105386],[0.370868,0.105386],[0.371369,0.105567],[0.371369,0.105567],
[0.371870,0.105749],[0.371870,0.105749],[0.372372,0.105932],[0.372372,0.105932],[0.372875,0.106115],
[0.372875,0.106115],[0.373378,0.106299],[0.373378,0.106299],[0.373881,0.106484],[0.373881,0.106484],
[0.374385,0.106669],[0.374385,0.106669],[0.374890,0.106854],[0.374890,0.106854],[0.375396,0.107040],
[0.375396,0.107040],[0.375902,0.107227],[0.375902,0.107227],[0.376408,0.107414],[0.376408,0.107414],
[0.376915,0.107602],[0.376915,0.107602],[0.377423,0.107790],[0.377423,0.107790],[0.377931,0.107979],
[0.377931,0.107979],[0.378440,0.108169],[0.378440,0.108169],[0.378950,0.108359],[0.378950,0.108359],
[0.379460,0.108550],[0.379460,0.108550],[0.379971,0.108741],[0.379971,0.108741],[0.380482,0.108933],
[0.380482,0.108933],[0.380994,0.109125],[0.380994,0.109125],[0.381507,0.109318],[0.381507,0.109318],
[0.382020,0.109512],[0.382020,0.109512],[0.382534,0.109706],[0.382534,0.109706],[0.383048,0.109901],
[0.383048,0.109901],[0.383563,0.110097],[0.383563,0.110097],[0.384079,0.110293],[0.384079,0.110293],
[0.384595,0.110490],[0.384595,0.110490],[0.385112,0.110687],[0.385112,0.110687],[0.385629,0.110885],
[0.385629,0.110885],[0.386147,0.111083],[0.386147,0.111083],[0.386666,0.111283],[0.386666,0.111283],
[0.387185,0.111483],[0.387185,0.111483],[0.387705,0.111683],[0.387705,0.111683],[0.388225,0.111884],
[0.388225,0.111884],[0.388746,0.112086],[0.388746,0.112086],[0.389268,0.112288],[0.389268,0.112288],
[0.389790,0.112491],[0.389790,0.112491],[0.390313,0.112695],[0.390313,0.112695],[0.390837,0.112899],
[0.390837,0.112899],[0.391361,0.113104],[0.391361,0.113104],[0.391886,0.113310],[0.391886,0.113310],
[0.392411,0.113516],[0.392411,0.113516],[0.392937,0.113723],[0.392937,0.113723],[0.393464,0.113931],
[0.393464,0.113931],[0.393991,0.114139],[0.393991,0.114139],[0.394519,0.114348],[0.394519,0.114348],
[0.395048,0.114558],[0.395048,0.114558],[0.395577,0.114768],[0.395577,0.114768],[0.396106,0.114979],
[0.396106,0.114979],[0.396637,0.115191],[0.396637,0.115191],[0.397168,0.115404],[0.397168,0.115404],
[0.397699,0.115617],[0.397699,0.115617],[0.398232,0.115831],[0.398232,0.115831],[0.398764,0.116045],
[0.398764,0.116045],[0.399298,0.116260],[0.399298,0.116260],[0.399832,0.116476],[0.399832,0.116476],
[0.400367,0.116693],[0.400367,0.116693],[0.400902,0.116910],[0.400902,0.116910],[0.401438,0.117128],
[0.401438,0.117128],[0.401974,0.117347],[0.401974,0.117347],[0.402512,0.117566],[0.402512,0.117566],
[0.403050,0.117787],[0.403050,0.117787],[0.403588,0.118008],[0.403588,0.118008],[0.404127,0.118229],
[0.404127,0.118229],[0.404666,0.118452],[0.404666,0.118452],[0.405207,0.118675],[0.405207,0.118675],
[0.405748,0.118899],[0.405748,0.118899],[0.406290,0.119124],[0.406290,0.119124],[0.406832,0.119349],
[0.406832,0.119349],[0.407375,0.119575],[0.407375,0.119575],[0.407918,0.119802],[0.407918,0.119802],
[0.408463,0.120030],[0.408463,0.120030],[0.409008,0.120259],[0.409008,0.120259],[0.409554,0.120488],
[0.409554,0.120488],[0.410101,0.120719],[0.410101,0.120719],[0.410648,0.120950],[0.410648,0.120950],
[0.411196,0.121182],[0.411196,0.121182],[0.411745,0.121414],[0.411745,0.121414],[0.412294,0.121648],
[0.412294,0.121648],[0.412844,0.121882],[0.412844,0.121882],[0.413395,0.122117],[0.413395,0.122117],
[0.413946,0.122353],[0.413946,0.122353],[0.414498,0.122590],[0.414498,0.122590],[0.415051,0.122827],
[0.415051,0.122827],[0.415604,0.123066],[0.415604,0.123066],[0.416158,0.123305],[0.416158,0.123305],
[0.416713,0.123545],[0.416713,0.123545],[0.417268,0.123786],[0.417268,0.123786],[0.417824,0.124028],
[0.417824,0.124028],[0.418381,0.124271],[0.418381,0.124271],[0.418939,0.124514],[0.418939,0.124514],
[0.419497,0.124759],[0.419497,0.124759],[0.420056,0.125004],[0.420056,0.125004],[0.420616,0.125251],
[0.420616,0.125251],[0.421177,0.125498],[0.421177,0.125498],[0.421738,0.125746],[0.421738,0.125746],
[0.422300,0.125995],[0.422300,0.125995],[0.422862,0.126245],[0.422862,0.126245],[0.423425,0.126495],
[0.423425,0.126495],[0.423989,0.126747],[0.423989,0.126747],[0.424554,0.126999],[0.424554,0.126999],
[0.425119,0.127253],[0.425119,0.127253],[0.425685,0.127507],[0.425685,0.127507],[0.426252,0.127763],
[0.426252,0.127763],[0.426820,0.128019],[0.426820,0.128019],[0.427388,0.128276],[0.427388,0.128276],
[0.427957,0.128534],[0.427957,0.128534],[0.428526,0.128793],[0.428526,0.128793],[0.429097,0.129054],
[0.429097,0.129054],[0.429668,0.129315],[0.429668,0.129315],[0.430240,0.129577],[0.430240,0.129577],
[0.430812,0.129840],[0.430812,0.129840],[0.431386,0.130104],[0.431386,0.130104],[0.431960,0.130369],
[0.431960,0.130369],[0.432534,0.130635],[0.432534,0.130635],[0.433110,0.130902],[0.433110,0.130902],
[0.433686,0.131170],[0.433686,0.131170],[0.434263,0.131439],[0.434263,0.131439],[0.434841,0.131709],
[0.434841,0.131709],[0.435419,0.131980],[0.435419,0.131980],[0.435998,0.132252],[0.435998,0.132252],
[0.436578,0.132525],[0.436578,0.132525],[0.437158,0.132799],[0.437158,0.132799],[0.437740,0.133074],
[0.437740,0.133074],[0.438322,0.133350],[0.438322,0.133350],[0.438905,0.133628],[0.438905,0.133628],
[0.439488,0.133906],[0.439488,0.133906],[0.440073,0.134186],[0.440073,0.134186],[0.440658,0.134466],
[0.440658,0.134466],[0.441244,0.134748],[0.441244,0.134748],[0.441830,0.135030],[0.441830,0.135030],
[0.442418,0.135314],[0.442418,0.135314],[0.443006,0.135599],[0.443006,0.135599],[0.443594,0.135885],
[0.443594,0.135885],[0.444184,0.136172],[0.444184,0.136172],[0.444774,0.136461],[0.444774,0.136461],
[0.445366,0.136750],[0.445366,0.136750],[0.445957,0.137041],[0.445957,0.137041],[0.446550,0.137332],
[0.446550,0.137332],[0.447143,0.137625],[0.447143,0.137625],[0.447738,0.137919],[0.447738,0.137919],
[0.448333,0.138214],[0.448333,0.138214],[0.448928,0.138511],[0.448928,0.138511],[0.449525,0.138808],
[0.449525,0.138808],[0.450122,0.139107],[0.450122,0.139107],[0.450720,0.139407],[0.450720,0.139407],
[0.451319,0.139708],[0.451319,0.139708],[0.451918,0.140011],[0.451918,0.140011],[0.452519,0.140314],
[0.452519,0.140314],[0.453120,0.140619],[0.453120,0.140619],[0.453722,0.140925],[0.453722,0.140925],
[0.454325,0.141232],[0.454325,0.141232],[0.454928,0.141541],[0.454928,0.141541],[0.455532,0.141851],
[0.455532,0.141851],[0.456137,0.142162],[0.456137,0.142162],[0.456743,0.142474],[0.456743,0.142474],
[0.457350,0.142788],[0.457350,0.142788],[0.457957,0.143102],[0.457957,0.143102],[0.458565,0.143419],
[0.458565,0.143419],[0.459174,0.143736],[0.459174,0.143736],[0.459784,0.144055],[0.459784,0.144055],
[0.460395,0.144375],[0.460395,0.144375],[0.461006,0.144697],[0.461006,0.144697],[0.461618,0.145019],
[0.461618,0.145019],[0.462231,0.145344],[0.462231,0.145344],[0.462845,0.145669],[0.462845,0.145669],
[0.463460,0.145996],[0.463460,0.145996],[0.464075,0.146324],[0.464075,0.146324],[0.464691,0.146654],
[0.464691,0.146654],[0.465308,0.146985],[0.465308,0.146985],[0.465926,0.147317],[0.465926,0.147317],
[0.466545,0.147651],[0.466545,0.147651],[0.467164,0.147986],[0.467164,0.147986],[0.467785,0.148323],
[0.467785,0.148323],[0.468406,0.148661],[0.468406,0.148661],[0.469028,0.149001],[0.469028,0.149001],
[0.469650,0.149342],[0.469650,0.149342],[0.470274,0.149684],[0.470274,0.149684],[0.470898,0.150028],
[0.470898,0.150028],[0.471523,0.150374],[0.471523,0.150374],[0.472149,0.150721],[0.472149,0.150721],
[0.472776,0.151069],[0.472776,0.151069],[0.473404,0.151419],[0.473404,0.151419],[0.474032,0.151771],
[0.474032,0.151771],[0.474662,0.152124],[0.474662,0.152124],[0.475292,0.152478],[0.475292,0.152478],
[0.475923,0.152835],[0.475923,0.152835],[0.476555,0.153192],[0.476555,0.153192],[0.477187,0.153552],
[0.477187,0.153552],[0.477821,0.153913],[0.477821,0.153913],[0.478455,0.154275],[0.478455,0.154275],
[0.479090,0.154639],[0.479090,0.154639],[0.479726,0.155005],[0.479726,0.155005],[0.480363,0.155372],
[0.480363,0.155372],[0.481001,0.155741],[0.481001,0.155741],[0.481640,0.156112],[0.481640,0.156112],
[0.482279,0.156484],[0.482279,0.156484],[0.482919,0.156858],[0.482919,0.156858],[0.483561,0.157234],
[0.483561,0.157234],[0.484203,0.157611],[0.484203,0.157611],[0.484845,0.157990],[0.484845,0.157990],
[0.485489,0.158371],[0.485489,0.158371],[0.486134,0.158754],[0.486134,0.158754],[0.486779,0.159138],
[0.486779,0.159138],[0.487426,0.159524],[0.487426,0.159524],[0.488073,0.159912],[0.488073,0.159912],
[0.488721,0.160302],[0.488721,0.160302],[0.489370,0.160693],[0.489370,0.160693],[0.490020,0.161087],
[0.490020,0.161087],[0.490670,0.161482],[0.490670,0.161482],[0.491322,0.161878],[0.491322,0.161878],
[0.491974,0.162277],[0.491974,0.162277],[0.492627,0.162678],[0.492627,0.162678],[0.493281,0.163080],
[0.493281,0.163080],[0.493936,0.163484],[0.493936,0.163484],[0.494592,0.163891],[0.494592,0.163891],
[0.495249,0.164299],[0.495249,0.164299],[0.495906,0.164709],[0.495906,0.164709],[0.496564,0.165121],
[0.496564,0.165121],[0.497224,0.165535],[0.497224,0.165535],[0.497884,0.165950],[0.497884,0.165950],
[0.498423,0.166291],[0.498423,0.166291],[0.498838,0.166554],[0.498838,0.166554],[0.499157,0.166757],
[0.499157,0.166757],[0.499403,0.166913],[0.499403,0.166913],[0.499592,0.167033],[0.499592,0.167033],
[0.499738,0.167126],[0.499738,0.167126],[0.499850,0.167197],[0.499850,0.167197],[0.499936,0.167252],
[0.500002,0.167294],[0.499936,0.167252],[0.500002,0.167294]
];